2 2 2 2 18 28 3 5 2 2 2 2 2 2 1 3 2 2 6 2 2
2 2 2 2 18 28 5 3 2 2 2 2 2 2 1 4 2 2 4 2 2
2 2 2 2 18 28 5 3 2 2 3 2 2 2 1 4 2 2 4 2 2
2 2 2 2 18 28 5 3 2 2 4 2 2 2 1 4 2 2 4 2 2
2 2 3 2 18 28 3 2 5 2 2 2 2 2 1 3 6 2 2 2 2
2 2 3 2 18 28 5 2 3 2 2 2 2 2 1 4 4 2 2 2 2
2 2 3 2 18 28 5 2 3 2 3 2 2 2 1 4 4 2 2 2 2
2 2 3 2 18 28 5 2 3 2 4 2 2 2 1 4 4 2 2 2 2
2 2 3 2 18 28 5 3 2 2 2 2 2 2 1 4 2 2 4 2 2
2 2 3 2 18 28 5 3 2 2 3 2 2 2 1 4 2 2 4 2 2
2 2 3 2 18 28 5 3 2 2 4 2 2 2 1 4 2 2 4 2 2
2 3 2 2 18 28 3 5 2 2 2 2 2 2 1 3 2 2 6 2 2
2 3 3 2 18 28 3 2 5 2 2 2 2 2 1 3 6 2 2 2 2
