2 2 2 3 3 18 3 3 2 2 28 4 3 2 2 2 3 2 4 2 2
2 2 2 3 3 18 3 3 2 2 28 4 3 2 3 2 3 2 4 2 2
2 2 2 3 3 18 3 3 2 2 28 5 3 2 2 2 2 2 4 2 2
2 2 2 3 3 18 3 3 2 2 28 5 3 2 2 2 2 2 4 2 3
2 2 2 3 3 18 3 3 2 2 28 5 3 2 2 2 2 2 4 3 2
2 2 2 3 3 18 3 3 2 2 28 5 3 2 2 2 2 2 5 2 2
2 2 2 3 3 18 3 3 2 2 28 5 3 2 2 2 3 2 4 2 2
2 2 2 3 3 18 3 3 2 2 28 5 3 2 2 2 3 2 4 3 2
2 2 2 3 3 18 3 3 2 2 28 5 3 2 2 2 3 2 5 2 2
2 2 2 4 2 18 3 3 2 2 28 4 2 3 2 2 2 2 5 2 2
2 2 2 4 2 18 3 3 2 2 28 4 2 3 2 2 2 3 5 2 2
2 2 2 4 2 18 3 3 2 2 28 4 2 3 3 2 2 2 5 2 2
2 2 2 4 3 18 3 3 2 2 28 4 2 3 2 2 2 2 5 2 2
2 2 2 4 3 18 3 3 2 2 28 4 2 3 2 2 2 3 5 2 2
2 2 2 4 3 18 3 3 2 2 28 4 2 3 3 2 2 2 5 2 2
2 2 2 4 2 18 3 3 2 2 28 5 2 3 2 2 2 2 5 2 2
2 2 2 4 3 18 3 3 2 2 28 5 2 3 2 2 2 2 4 2 2
2 2 2 4 3 18 3 3 2 2 28 5 2 3 2 2 2 2 4 2 3
2 2 2 4 3 18 3 3 2 2 28 5 2 3 2 2 2 2 4 3 2
2 2 2 4 3 18 3 3 2 2 28 5 2 3 2 2 2 2 5 2 2
2 2 2 4 2 18 3 3 2 2 28 4 3 2 2 2 2 2 5 2 2
2 2 2 4 2 18 3 3 2 2 28 4 3 2 2 2 2 3 5 2 2
2 2 2 4 2 18 3 3 2 2 28 4 3 2 3 2 2 2 5 2 2
2 2 2 4 2 18 3 3 2 2 28 4 3 2 2 2 3 2 5 2 2
2 2 2 4 2 18 3 3 2 2 28 4 3 2 2 2 3 3 5 2 2
2 2 2 4 2 18 3 3 2 2 28 4 3 2 3 2 3 2 5 2 2
2 2 2 4 3 18 3 3 2 2 28 4 3 2 2 2 2 2 5 2 2
2 2 2 4 3 18 3 3 2 2 28 4 3 2 2 2 2 3 5 2 2
2 2 2 4 3 18 3 3 2 2 28 4 3 2 3 2 2 2 5 2 2
2 2 2 4 3 18 3 3 2 2 28 4 3 2 2 2 3 2 3 2 2
2 2 2 4 3 18 3 3 2 2 28 4 3 2 2 2 3 2 3 2 3
2 2 2 4 3 18 3 3 2 2 28 4 3 2 2 2 3 2 3 2 4
2 2 2 4 3 18 3 3 2 2 28 4 3 2 2 2 3 2 3 3 2
2 2 2 4 3 18 3 3 2 2 28 4 3 2 2 2 3 3 3 2 2
2 2 2 4 3 18 3 3 2 2 28 4 3 2 2 2 3 2 3 4 2
2 2 2 4 3 18 3 3 2 2 28 4 3 2 3 2 3 2 3 2 2
2 2 2 4 3 18 3 3 2 2 28 4 3 2 2 2 3 2 4 2 2
2 2 2 4 3 18 3 3 2 2 28 4 3 2 2 2 3 2 4 2 3
2 2 2 4 3 18 3 3 2 2 28 4 3 2 2 2 3 2 4 3 2
2 2 2 4 3 18 3 3 2 2 28 4 3 2 2 2 3 3 4 2 2
2 2 2 4 3 18 3 3 2 2 28 4 3 2 3 2 3 2 4 2 2
2 2 2 4 3 18 3 3 2 2 28 4 3 2 2 2 3 2 5 2 2
2 2 2 4 3 18 3 3 2 2 28 4 3 2 2 2 3 3 5 2 2
2 2 2 4 3 18 3 3 2 2 28 4 3 2 3 2 3 2 5 2 2
2 2 2 4 4 18 3 3 2 2 28 4 3 2 2 2 2 2 5 2 2
2 2 2 4 4 18 3 3 2 2 28 4 3 2 2 2 2 3 5 2 2
2 2 2 4 4 18 3 3 2 2 28 4 3 2 3 2 2 2 5 2 2
2 2 2 4 4 18 3 3 2 2 28 4 3 2 2 2 3 2 3 2 2
2 2 2 4 4 18 3 3 2 2 28 4 3 2 2 2 3 2 3 3 2
2 2 2 4 4 18 3 3 2 2 28 4 3 2 2 2 3 2 3 4 2
2 2 2 4 4 18 3 3 2 2 28 4 3 2 3 2 3 2 3 2 2
2 2 2 4 4 18 3 3 2 2 28 4 3 2 2 2 3 2 4 2 2
2 2 2 4 4 18 3 3 2 2 28 4 3 2 2 2 3 2 4 3 2
2 2 2 4 4 18 3 3 2 2 28 4 3 2 3 2 3 2 4 2 2
2 2 2 4 4 18 3 3 2 2 28 4 3 2 2 2 3 2 5 2 2
2 2 2 4 4 18 3 3 2 2 28 4 3 2 3 2 3 2 5 2 2
2 2 2 4 2 18 4 2 2 2 28 5 2 2 2 2 3 2 5 2 2
2 2 2 4 2 18 4 3 2 2 28 4 2 2 2 2 3 2 5 2 2
2 2 2 4 2 18 4 3 2 2 28 4 2 2 2 2 3 3 5 2 2
2 2 2 4 2 18 4 3 2 2 28 4 2 2 3 2 3 2 5 2 2
2 2 2 4 2 18 4 3 2 2 28 5 2 2 2 2 3 2 5 2 2
2 2 2 4 3 18 4 3 2 2 28 5 2 2 2 2 3 2 4 2 2
2 2 2 4 3 18 4 3 2 2 28 5 2 2 2 2 3 2 4 2 3
2 2 2 4 3 18 4 3 2 2 28 5 2 2 2 2 3 2 4 3 2
2 2 2 4 3 18 4 3 2 2 28 5 2 2 2 2 3 2 5 2 2
2 2 2 4 2 18 4 3 2 2 28 4 2 2 2 3 2 2 5 2 2
2 2 2 4 2 18 4 3 2 2 28 4 2 2 3 3 2 2 5 2 2
2 2 2 4 2 18 4 3 2 2 28 4 2 2 2 3 2 3 5 2 2
2 2 2 4 3 18 4 3 2 2 28 4 2 2 2 3 2 2 5 2 2
2 2 2 4 3 18 4 3 2 2 28 4 2 2 3 3 2 2 5 2 2
2 2 2 4 3 18 4 3 2 2 28 4 2 2 2 3 2 3 5 2 2
2 2 2 4 3 18 4 3 2 2 28 4 2 3 2 3 2 2 3 2 2
2 2 2 4 3 18 4 3 2 2 28 4 2 3 2 3 2 2 3 2 3
2 2 2 4 3 18 4 3 2 2 28 4 2 3 2 3 2 2 3 2 4
2 2 2 4 3 18 4 3 2 2 28 4 2 3 2 3 2 2 3 3 2
2 2 2 4 3 18 4 3 2 2 28 4 2 3 3 3 2 2 3 2 2
2 2 2 4 3 18 4 3 2 2 28 4 2 3 2 3 2 2 3 4 2
2 2 2 4 3 18 4 3 2 2 28 4 2 3 2 3 2 3 3 2 2
2 2 2 4 3 18 4 3 2 2 28 4 2 3 2 3 2 2 4 2 2
2 2 2 4 3 18 4 3 2 2 28 4 2 3 3 3 2 2 4 2 2
2 2 2 4 3 18 4 3 2 2 28 4 2 3 2 3 2 3 4 2 2
2 2 2 4 3 18 4 4 2 2 28 5 2 3 2 2 2 2 4 2 2
2 2 2 4 3 18 4 4 2 2 28 5 2 3 2 2 2 2 4 2 3
2 2 2 4 3 18 4 4 2 2 28 5 2 3 2 2 2 2 4 3 2
2 2 2 5 2 18 3 3 2 2 28 4 2 3 2 2 2 2 5 2 2
2 2 2 5 2 18 3 3 2 2 28 4 2 3 2 2 2 3 5 2 2
2 2 2 5 2 18 3 3 2 2 28 4 2 3 3 2 2 2 5 2 2
2 2 2 5 3 18 3 3 2 2 28 4 2 3 2 2 2 2 5 2 2
2 2 2 5 3 18 3 3 2 2 28 4 2 3 2 2 2 3 5 2 2
2 2 2 5 3 18 3 3 2 2 28 4 2 3 3 2 2 2 5 2 2
2 2 2 5 4 18 3 3 2 2 28 4 2 3 2 2 2 2 5 2 2
2 2 2 5 4 18 3 3 2 2 28 4 2 3 2 2 2 3 5 2 2
2 2 2 5 4 18 3 3 2 2 28 4 2 3 3 2 2 2 5 2 2
2 2 2 5 2 18 3 3 2 2 28 5 2 3 2 2 2 2 4 2 2
2 2 2 5 2 18 3 3 2 2 28 5 2 3 2 2 2 2 4 2 3
2 2 2 5 2 18 3 3 2 2 28 5 2 3 2 2 2 2 4 3 2
2 2 2 5 2 18 3 3 2 2 28 5 2 3 2 2 2 2 5 2 2
2 2 2 5 3 18 3 3 2 2 28 5 2 3 2 2 2 2 4 2 2
2 2 2 5 3 18 3 3 2 2 28 5 2 3 2 2 2 2 4 2 3
2 2 2 5 3 18 3 3 2 2 28 5 2 3 2 2 2 2 4 3 2
2 2 2 5 3 18 3 3 2 2 28 5 2 3 2 2 2 2 5 2 2
2 2 2 5 2 18 4 2 2 2 28 5 2 2 2 2 3 2 4 2 2
2 2 2 5 2 18 4 2 2 2 28 5 2 2 2 2 3 2 4 2 3
2 2 2 5 2 18 4 2 2 2 28 5 2 2 2 2 3 2 4 3 2
2 2 2 5 2 18 4 2 2 2 28 5 2 2 2 2 3 2 5 2 2
2 2 2 5 2 18 4 2 2 2 28 5 2 3 2 2 2 2 4 2 2
2 2 2 5 2 18 4 2 2 2 28 5 2 3 2 2 2 2 4 2 3
2 2 2 5 2 18 4 2 2 2 28 5 2 3 2 2 2 2 4 3 2
2 2 2 5 3 18 4 2 2 2 28 5 2 2 2 2 3 2 4 2 2
2 2 2 5 3 18 4 2 2 2 28 5 2 2 2 2 3 2 4 2 3
2 2 2 5 3 18 4 2 2 2 28 5 2 2 2 2 3 2 4 3 2
2 2 2 5 3 18 4 2 2 2 28 5 2 2 2 2 3 2 5 2 2
2 2 2 5 3 18 4 2 2 2 28 5 2 3 2 2 2 2 4 2 2
2 2 2 5 3 18 4 2 2 2 28 5 2 3 2 2 2 2 4 2 3
2 2 2 5 3 18 4 2 2 2 28 5 2 3 2 2 2 2 4 3 2
2 2 2 5 2 18 4 3 2 2 28 4 2 2 2 2 3 2 5 2 2
2 2 2 5 2 18 4 3 2 2 28 4 2 2 2 2 3 3 5 2 2
2 2 2 5 2 18 4 3 2 2 28 4 2 2 3 2 3 2 5 2 2
2 2 2 5 3 18 4 3 2 2 28 4 2 2 2 2 3 2 5 2 2
2 2 2 5 3 18 4 3 2 2 28 4 2 2 2 2 3 3 5 2 2
2 2 2 5 3 18 4 3 2 2 28 4 2 2 3 2 3 2 5 2 2
2 2 2 5 4 18 4 3 2 2 28 4 2 2 2 2 3 2 5 2 2
2 2 2 5 4 18 4 3 2 2 28 4 2 2 2 2 3 3 5 2 2
2 2 2 5 4 18 4 3 2 2 28 4 2 2 3 2 3 2 5 2 2
2 2 2 5 2 18 4 3 2 2 28 5 2 2 2 2 3 2 4 2 2
2 2 2 5 2 18 4 3 2 2 28 5 2 2 2 2 3 2 4 2 3
2 2 2 5 2 18 4 3 2 2 28 5 2 2 2 2 3 2 4 3 2
2 2 2 5 2 18 4 3 2 2 28 5 2 2 2 2 3 2 5 2 2
2 2 2 5 2 18 4 3 2 2 28 5 2 3 2 2 2 2 4 2 2
2 2 2 5 2 18 4 3 2 2 28 5 2 3 2 2 2 2 4 2 3
2 2 2 5 2 18 4 3 2 2 28 5 2 3 2 2 2 2 4 3 2
2 2 2 5 3 18 4 3 2 2 28 5 2 2 2 2 3 2 4 2 2
2 2 2 5 3 18 4 3 2 2 28 5 2 2 2 2 3 2 4 2 3
2 2 2 5 3 18 4 3 2 2 28 5 2 2 2 2 3 2 4 3 2
2 2 2 5 3 18 4 3 2 2 28 5 2 2 2 2 3 2 5 2 2
2 2 2 5 3 18 4 3 2 2 28 5 2 3 2 2 2 2 4 2 2
2 2 2 5 3 18 4 3 2 2 28 5 2 3 2 2 2 2 4 2 3
2 2 2 5 3 18 4 3 2 2 28 5 2 3 2 2 2 2 4 3 2
2 2 2 5 2 18 4 3 2 2 28 3 2 3 2 3 2 2 4 2 2
2 2 2 5 2 18 4 3 2 2 28 3 2 3 2 3 2 2 4 2 3
2 2 2 5 2 18 4 3 2 2 28 3 2 3 2 3 2 2 4 3 2
2 2 2 5 2 18 4 3 2 2 28 3 2 3 2 3 2 3 4 2 2
2 2 2 5 2 18 4 3 2 2 28 3 2 3 3 3 2 2 4 2 2
2 2 2 5 2 18 4 3 2 2 28 3 2 3 4 3 2 2 4 2 2
2 2 2 5 2 18 4 3 2 2 28 3 2 3 2 3 2 4 4 2 2
2 2 2 5 3 18 4 3 2 2 28 3 2 3 2 3 2 2 4 2 2
2 2 2 5 3 18 4 3 2 2 28 3 2 3 2 3 2 2 4 2 3
2 2 2 5 3 18 4 3 2 2 28 3 2 3 2 3 2 2 4 3 2
2 2 2 5 3 18 4 3 2 2 28 3 2 3 2 3 2 3 4 2 2
2 2 2 5 3 18 4 3 2 2 28 3 2 3 3 3 2 2 4 2 2
2 2 2 5 3 18 4 3 2 2 28 3 2 3 4 3 2 2 4 2 2
2 2 2 5 3 18 4 3 2 2 28 3 2 3 2 3 2 4 4 2 2
2 2 2 5 2 18 4 4 2 2 28 5 2 3 2 2 2 2 4 2 2
2 2 2 5 2 18 4 4 2 2 28 5 2 3 2 2 2 2 4 2 3
2 2 2 5 2 18 4 4 2 2 28 5 2 3 2 2 2 2 4 3 2
2 2 2 5 3 18 4 4 2 2 28 5 2 3 2 2 2 2 4 2 2
2 2 2 5 3 18 4 4 2 2 28 5 2 3 2 2 2 2 4 2 3
2 2 2 5 3 18 4 4 2 2 28 5 2 3 2 2 2 2 4 3 2
2 2 2 5 2 18 5 2 2 2 28 5 2 2 2 2 3 2 4 2 2
2 2 2 5 2 18 5 2 2 2 28 5 2 2 2 2 3 2 4 2 3
2 2 2 5 2 18 5 2 2 2 28 5 2 2 2 2 3 2 4 3 2
2 2 2 5 2 18 5 2 2 2 28 5 2 2 2 2 3 2 5 2 2
2 2 2 5 2 18 5 3 2 2 28 4 2 2 2 2 3 2 5 2 2
2 2 2 5 2 18 5 3 2 2 28 4 2 2 2 2 3 3 5 2 2
2 2 2 5 2 18 5 3 2 2 28 4 2 2 3 2 3 2 5 2 2
2 2 2 5 2 18 5 3 2 2 28 5 2 2 2 2 3 2 4 2 2
2 2 2 5 2 18 5 3 2 2 28 5 2 2 2 2 3 2 4 2 3
2 2 2 5 2 18 5 3 2 2 28 5 2 2 2 2 3 2 4 3 2
2 2 2 5 2 18 5 3 2 2 28 5 2 2 2 2 3 2 5 2 2
2 2 2 5 3 18 5 3 2 2 28 5 2 2 2 2 3 2 4 2 2
2 2 2 5 3 18 5 3 2 2 28 5 2 2 2 2 3 2 4 2 3
2 2 2 5 3 18 5 3 2 2 28 5 2 2 2 2 3 2 4 3 2
2 2 2 5 3 18 5 3 2 2 28 5 2 2 2 2 3 2 5 2 2
2 2 2 5 2 18 5 4 2 2 28 5 2 2 2 2 3 2 4 2 2
2 2 2 5 2 18 5 4 2 2 28 5 2 2 2 2 3 2 4 2 3
2 2 2 5 2 18 5 4 2 2 28 5 2 2 2 2 3 2 4 3 2
2 2 2 5 3 18 5 4 2 2 28 5 2 2 2 2 3 2 4 2 2
2 2 2 5 3 18 5 4 2 2 28 5 2 2 2 2 3 2 4 2 3
2 2 2 5 3 18 5 4 2 2 28 5 2 2 2 2 3 2 4 3 2
2 2 2 6 2 18 3 3 2 2 28 4 2 3 2 2 2 2 5 2 2
2 2 2 6 2 18 3 3 2 2 28 4 2 3 2 2 2 3 5 2 2
2 2 2 6 2 18 3 3 2 2 28 4 2 3 3 2 2 2 5 2 2
2 2 2 6 3 18 3 3 2 2 28 4 2 3 2 2 2 2 5 2 2
2 2 2 6 3 18 3 3 2 2 28 4 2 3 2 2 2 3 5 2 2
2 2 2 6 3 18 3 3 2 2 28 4 2 3 3 2 2 2 5 2 2
2 2 2 6 4 18 3 3 2 2 28 4 2 3 2 2 2 2 5 2 2
2 2 2 6 4 18 3 3 2 2 28 4 2 3 2 2 2 3 5 2 2
2 2 2 6 4 18 3 3 2 2 28 4 2 3 3 2 2 2 5 2 2
2 2 2 6 2 18 3 3 2 2 28 5 2 3 2 2 2 2 4 2 2
2 2 2 6 2 18 3 3 2 2 28 5 2 3 2 2 2 2 4 2 3
2 2 2 6 2 18 3 3 2 2 28 5 2 3 2 2 2 2 4 3 2
2 2 2 6 2 18 3 3 2 2 28 5 2 3 2 2 2 2 5 2 2
2 2 2 6 3 18 3 3 2 2 28 5 2 3 2 2 2 2 4 2 2
2 2 2 6 3 18 3 3 2 2 28 5 2 3 2 2 2 2 4 2 3
2 2 2 6 3 18 3 3 2 2 28 5 2 3 2 2 2 2 4 3 2
2 2 2 6 3 18 3 3 2 2 28 5 2 3 2 2 2 2 5 2 2
2 2 2 6 2 18 4 2 2 2 28 5 2 2 2 2 3 2 4 2 2
2 2 2 6 2 18 4 2 2 2 28 5 2 2 2 2 3 2 4 2 3
2 2 2 6 2 18 4 2 2 2 28 5 2 2 2 2 3 2 4 3 2
2 2 2 6 2 18 4 2 2 2 28 5 2 2 2 2 3 2 5 2 2
2 2 2 6 2 18 4 2 2 2 28 5 2 3 2 2 2 2 4 2 2
2 2 2 6 2 18 4 2 2 2 28 5 2 3 2 2 2 2 4 2 3
2 2 2 6 2 18 4 2 2 2 28 5 2 3 2 2 2 2 4 3 2
2 2 2 6 3 18 4 2 2 2 28 5 2 2 2 2 3 2 4 2 2
2 2 2 6 3 18 4 2 2 2 28 5 2 2 2 2 3 2 4 2 3
2 2 2 6 3 18 4 2 2 2 28 5 2 2 2 2 3 2 4 3 2
2 2 2 6 3 18 4 2 2 2 28 5 2 2 2 2 3 2 5 2 2
2 2 2 6 3 18 4 2 2 2 28 5 2 3 2 2 2 2 4 2 2
2 2 2 6 3 18 4 2 2 2 28 5 2 3 2 2 2 2 4 2 3
2 2 2 6 3 18 4 2 2 2 28 5 2 3 2 2 2 2 4 3 2
2 2 2 6 2 18 4 3 2 2 28 4 2 2 2 2 3 2 5 2 2
2 2 2 6 2 18 4 3 2 2 28 4 2 2 2 2 3 3 5 2 2
2 2 2 6 2 18 4 3 2 2 28 4 2 2 3 2 3 2 5 2 2
2 2 2 6 3 18 4 3 2 2 28 4 2 2 2 2 3 2 5 2 2
2 2 2 6 3 18 4 3 2 2 28 4 2 2 2 2 3 3 5 2 2
2 2 2 6 3 18 4 3 2 2 28 4 2 2 3 2 3 2 5 2 2
2 2 2 6 4 18 4 3 2 2 28 4 2 2 2 2 3 2 5 2 2
2 2 2 6 4 18 4 3 2 2 28 4 2 2 2 2 3 3 5 2 2
2 2 2 6 4 18 4 3 2 2 28 4 2 2 3 2 3 2 5 2 2
2 2 2 6 2 18 4 3 2 2 28 5 2 2 2 2 3 2 4 2 2
2 2 2 6 2 18 4 3 2 2 28 5 2 2 2 2 3 2 4 2 3
2 2 2 6 2 18 4 3 2 2 28 5 2 2 2 2 3 2 4 3 2
2 2 2 6 2 18 4 3 2 2 28 5 2 2 2 2 3 2 5 2 2
2 2 2 6 2 18 4 3 2 2 28 5 2 3 2 2 2 2 4 2 2
2 2 2 6 2 18 4 3 2 2 28 5 2 3 2 2 2 2 4 2 3
2 2 2 6 2 18 4 3 2 2 28 5 2 3 2 2 2 2 4 3 2
2 2 2 6 3 18 4 3 2 2 28 5 2 2 2 2 3 2 4 2 2
2 2 2 6 3 18 4 3 2 2 28 5 2 2 2 2 3 2 4 2 3
2 2 2 6 3 18 4 3 2 2 28 5 2 2 2 2 3 2 4 3 2
2 2 2 6 3 18 4 3 2 2 28 5 2 2 2 2 3 2 5 2 2
2 2 2 6 3 18 4 3 2 2 28 5 2 3 2 2 2 2 4 2 2
2 2 2 6 3 18 4 3 2 2 28 5 2 3 2 2 2 2 4 2 3
2 2 2 6 3 18 4 3 2 2 28 5 2 3 2 2 2 2 4 3 2
2 2 2 6 2 18 4 4 2 2 28 5 2 3 2 2 2 2 4 2 2
2 2 2 6 2 18 4 4 2 2 28 5 2 3 2 2 2 2 4 2 3
2 2 2 6 2 18 4 4 2 2 28 5 2 3 2 2 2 2 4 3 2
2 2 2 6 3 18 4 4 2 2 28 5 2 3 2 2 2 2 4 2 2
2 2 2 6 3 18 4 4 2 2 28 5 2 3 2 2 2 2 4 2 3
2 2 2 6 3 18 4 4 2 2 28 5 2 3 2 2 2 2 4 3 2
2 2 2 6 2 18 5 2 2 2 28 4 2 2 2 2 3 2 5 2 2
2 2 2 6 2 18 5 2 2 2 28 4 2 2 2 2 3 3 5 2 2
2 2 2 6 2 18 5 2 2 2 28 4 2 2 3 2 3 2 5 2 2
2 2 2 6 3 18 5 2 2 2 28 4 2 2 2 2 3 2 5 2 2
2 2 2 6 3 18 5 2 2 2 28 4 2 2 2 2 3 3 5 2 2
2 2 2 6 3 18 5 2 2 2 28 4 2 2 3 2 3 2 5 2 2
2 2 2 6 4 18 5 2 2 2 28 4 2 2 2 2 3 2 5 2 2
2 2 2 6 4 18 5 2 2 2 28 4 2 2 2 2 3 3 5 2 2
2 2 2 6 4 18 5 2 2 2 28 4 2 2 3 2 3 2 5 2 2
2 2 2 6 2 18 5 2 2 2 28 5 2 2 2 2 3 2 4 2 2
2 2 2 6 2 18 5 2 2 2 28 5 2 2 2 2 3 2 4 2 3
2 2 2 6 2 18 5 2 2 2 28 5 2 2 2 2 3 2 4 3 2
2 2 2 6 2 18 5 2 2 2 28 5 2 2 2 2 3 2 5 2 2
2 2 2 6 3 18 5 2 2 2 28 5 2 2 2 2 3 2 4 2 2
2 2 2 6 3 18 5 2 2 2 28 5 2 2 2 2 3 2 4 2 3
2 2 2 6 3 18 5 2 2 2 28 5 2 2 2 2 3 2 4 3 2
2 2 2 6 3 18 5 2 2 2 28 5 2 2 2 2 3 2 5 2 2
2 2 2 6 2 18 5 3 2 2 28 4 2 2 2 2 3 2 5 2 2
2 2 2 6 2 18 5 3 2 2 28 4 2 2 2 2 3 3 5 2 2
2 2 2 6 2 18 5 3 2 2 28 4 2 2 3 2 3 2 5 2 2
2 2 2 6 3 18 5 3 2 2 28 4 2 2 2 2 3 2 5 2 2
2 2 2 6 3 18 5 3 2 2 28 4 2 2 2 2 3 3 5 2 2
2 2 2 6 3 18 5 3 2 2 28 4 2 2 3 2 3 2 5 2 2
2 2 2 6 4 18 5 3 2 2 28 4 2 2 2 2 3 2 5 2 2
2 2 2 6 4 18 5 3 2 2 28 4 2 2 2 2 3 3 5 2 2
2 2 2 6 4 18 5 3 2 2 28 4 2 2 3 2 3 2 5 2 2
2 2 2 6 2 18 5 3 2 2 28 5 2 2 2 2 3 2 4 2 2
2 2 2 6 2 18 5 3 2 2 28 5 2 2 2 2 3 2 4 2 3
2 2 2 6 2 18 5 3 2 2 28 5 2 2 2 2 3 2 4 3 2
2 2 2 6 2 18 5 3 2 2 28 5 2 2 2 2 3 2 5 2 2
2 2 2 6 3 18 5 3 2 2 28 5 2 2 2 2 3 2 4 2 2
2 2 2 6 3 18 5 3 2 2 28 5 2 2 2 2 3 2 4 2 3
2 2 2 6 3 18 5 3 2 2 28 5 2 2 2 2 3 2 4 3 2
2 2 2 6 3 18 5 3 2 2 28 5 2 2 2 2 3 2 5 2 2
2 2 2 6 2 18 5 4 2 2 28 5 2 2 2 2 3 2 4 2 2
2 2 2 6 2 18 5 4 2 2 28 5 2 2 2 2 3 2 4 2 3
2 2 2 6 2 18 5 4 2 2 28 5 2 2 2 2 3 2 4 3 2
2 2 2 6 3 18 5 4 2 2 28 5 2 2 2 2 3 2 4 2 2
2 2 2 6 3 18 5 4 2 2 28 5 2 2 2 2 3 2 4 2 3
2 2 2 6 3 18 5 4 2 2 28 5 2 2 2 2 3 2 4 3 2
2 2 2 6 2 18 6 2 2 2 28 5 2 2 2 2 3 2 4 2 2
2 2 2 6 2 18 6 2 2 2 28 5 2 2 2 2 3 2 4 2 3
2 2 2 6 2 18 6 2 2 2 28 5 2 2 2 2 3 2 4 3 2
2 2 2 6 2 18 6 2 2 2 28 5 2 2 2 2 3 2 5 2 2
2 2 2 6 2 18 6 3 2 2 28 4 2 2 2 2 3 2 5 2 2
2 2 2 6 2 18 6 3 2 2 28 4 2 2 2 2 3 3 5 2 2
2 2 2 6 2 18 6 3 2 2 28 4 2 2 3 2 3 2 5 2 2
2 2 2 6 2 18 6 3 2 2 28 5 2 2 2 2 3 2 4 2 2
2 2 2 6 2 18 6 3 2 2 28 5 2 2 2 2 3 2 4 2 3
2 2 2 6 2 18 6 3 2 2 28 5 2 2 2 2 3 2 4 3 2
2 2 2 6 2 18 6 3 2 2 28 5 2 2 2 2 3 2 5 2 2
2 2 2 6 3 18 6 3 2 2 28 5 2 2 2 2 3 2 4 2 2
2 2 2 6 3 18 6 3 2 2 28 5 2 2 2 2 3 2 4 2 3
2 2 2 6 3 18 6 3 2 2 28 5 2 2 2 2 3 2 4 3 2
2 2 2 6 3 18 6 3 2 2 28 5 2 2 2 2 3 2 5 2 2
2 2 2 6 2 18 6 4 2 2 28 5 2 2 2 2 3 2 4 2 2
2 2 2 6 2 18 6 4 2 2 28 5 2 2 2 2 3 2 4 2 3
2 2 2 6 2 18 6 4 2 2 28 5 2 2 2 2 3 2 4 3 2
2 2 2 6 3 18 6 4 2 2 28 5 2 2 2 2 3 2 4 2 2
2 2 2 6 3 18 6 4 2 2 28 5 2 2 2 2 3 2 4 2 3
2 2 2 6 3 18 6 4 2 2 28 5 2 2 2 2 3 2 4 3 2
2 2 2 17 2 18 3 3 2 2 28 4 2 3 2 2 2 2 5 2 2
2 2 2 17 2 18 3 3 2 2 28 4 2 3 2 2 2 3 5 2 2
2 2 2 17 2 18 3 3 2 2 28 4 2 3 3 2 2 2 5 2 2
2 2 2 17 3 18 3 3 2 2 28 4 2 3 2 2 2 2 5 2 2
2 2 2 17 3 18 3 3 2 2 28 4 2 3 2 2 2 3 5 2 2
2 2 2 17 3 18 3 3 2 2 28 4 2 3 3 2 2 2 5 2 2
2 2 2 17 4 18 3 3 2 2 28 4 2 3 2 2 2 2 5 2 2
2 2 2 17 4 18 3 3 2 2 28 4 2 3 2 2 2 3 5 2 2
2 2 2 17 4 18 3 3 2 2 28 4 2 3 3 2 2 2 5 2 2
2 2 2 17 2 18 3 3 2 2 28 5 2 3 2 2 2 2 4 2 2
2 2 2 17 2 18 3 3 2 2 28 5 2 3 2 2 2 2 4 2 3
2 2 2 17 2 18 3 3 2 2 28 5 2 3 2 2 2 2 4 3 2
2 2 2 17 2 18 3 3 2 2 28 5 2 3 2 2 2 2 5 2 2
2 2 2 17 3 18 3 3 2 2 28 5 2 3 2 2 2 2 4 2 2
2 2 2 17 3 18 3 3 2 2 28 5 2 3 2 2 2 2 4 2 3
2 2 2 17 3 18 3 3 2 2 28 5 2 3 2 2 2 2 4 3 2
2 2 2 17 3 18 3 3 2 2 28 5 2 3 2 2 2 2 5 2 2
2 2 2 17 2 18 4 2 2 2 28 5 2 2 2 2 3 2 4 2 2
2 2 2 17 2 18 4 2 2 2 28 5 2 2 2 2 3 2 4 2 3
2 2 2 17 2 18 4 2 2 2 28 5 2 2 2 2 3 2 4 3 2
2 2 2 17 2 18 4 2 2 2 28 5 2 2 2 2 3 2 5 2 2
2 2 2 17 2 18 4 2 2 2 28 5 2 3 2 2 2 2 4 2 2
2 2 2 17 2 18 4 2 2 2 28 5 2 3 2 2 2 2 4 2 3
2 2 2 17 2 18 4 2 2 2 28 5 2 3 2 2 2 2 4 3 2
2 2 2 17 3 18 4 2 2 2 28 5 2 2 2 2 3 2 4 2 2
2 2 2 17 3 18 4 2 2 2 28 5 2 2 2 2 3 2 4 2 3
2 2 2 17 3 18 4 2 2 2 28 5 2 2 2 2 3 2 4 3 2
2 2 2 17 3 18 4 2 2 2 28 5 2 2 2 2 3 2 5 2 2
2 2 2 17 3 18 4 2 2 2 28 5 2 3 2 2 2 2 4 2 2
2 2 2 17 3 18 4 2 2 2 28 5 2 3 2 2 2 2 4 2 3
2 2 2 17 3 18 4 2 2 2 28 5 2 3 2 2 2 2 4 3 2
2 2 2 17 2 18 4 3 2 2 28 4 2 2 2 2 3 2 5 2 2
2 2 2 17 2 18 4 3 2 2 28 4 2 2 2 2 3 3 5 2 2
2 2 2 17 2 18 4 3 2 2 28 4 2 2 3 2 3 2 5 2 2
2 2 2 17 3 18 4 3 2 2 28 4 2 2 2 2 3 2 5 2 2
2 2 2 17 3 18 4 3 2 2 28 4 2 2 2 2 3 3 5 2 2
2 2 2 17 3 18 4 3 2 2 28 4 2 2 3 2 3 2 5 2 2
2 2 2 17 4 18 4 3 2 2 28 4 2 2 2 2 3 2 5 2 2
2 2 2 17 4 18 4 3 2 2 28 4 2 2 2 2 3 3 5 2 2
2 2 2 17 4 18 4 3 2 2 28 4 2 2 3 2 3 2 5 2 2
2 2 2 17 2 18 4 3 2 2 28 5 2 2 2 2 3 2 4 2 2
2 2 2 17 2 18 4 3 2 2 28 5 2 2 2 2 3 2 4 2 3
2 2 2 17 2 18 4 3 2 2 28 5 2 2 2 2 3 2 4 3 2
2 2 2 17 2 18 4 3 2 2 28 5 2 2 2 2 3 2 5 2 2
2 2 2 17 2 18 4 3 2 2 28 5 2 3 2 2 2 2 4 2 2
2 2 2 17 2 18 4 3 2 2 28 5 2 3 2 2 2 2 4 2 3
2 2 2 17 2 18 4 3 2 2 28 5 2 3 2 2 2 2 4 3 2
2 2 2 17 3 18 4 3 2 2 28 5 2 2 2 2 3 2 4 2 2
2 2 2 17 3 18 4 3 2 2 28 5 2 2 2 2 3 2 4 2 3
2 2 2 17 3 18 4 3 2 2 28 5 2 2 2 2 3 2 4 3 2
2 2 2 17 3 18 4 3 2 2 28 5 2 2 2 2 3 2 5 2 2
2 2 2 17 3 18 4 3 2 2 28 5 2 3 2 2 2 2 4 2 2
2 2 2 17 3 18 4 3 2 2 28 5 2 3 2 2 2 2 4 2 3
2 2 2 17 3 18 4 3 2 2 28 5 2 3 2 2 2 2 4 3 2
2 2 2 17 2 18 4 4 2 2 28 5 2 3 2 2 2 2 4 2 2
2 2 2 17 2 18 4 4 2 2 28 5 2 3 2 2 2 2 4 2 3
2 2 2 17 2 18 4 4 2 2 28 5 2 3 2 2 2 2 4 3 2
2 2 2 17 3 18 4 4 2 2 28 5 2 3 2 2 2 2 4 2 2
2 2 2 17 3 18 4 4 2 2 28 5 2 3 2 2 2 2 4 2 3
2 2 2 17 3 18 4 4 2 2 28 5 2 3 2 2 2 2 4 3 2
2 2 2 17 2 18 5 2 2 2 28 4 2 2 2 2 3 2 5 2 2
2 2 2 17 2 18 5 2 2 2 28 4 2 2 2 2 3 3 5 2 2
2 2 2 17 2 18 5 2 2 2 28 4 2 2 3 2 3 2 5 2 2
2 2 2 17 3 18 5 2 2 2 28 4 2 2 2 2 3 2 5 2 2
2 2 2 17 3 18 5 2 2 2 28 4 2 2 2 2 3 3 5 2 2
2 2 2 17 3 18 5 2 2 2 28 4 2 2 3 2 3 2 5 2 2
2 2 2 17 4 18 5 2 2 2 28 4 2 2 2 2 3 2 5 2 2
2 2 2 17 4 18 5 2 2 2 28 4 2 2 2 2 3 3 5 2 2
2 2 2 17 4 18 5 2 2 2 28 4 2 2 3 2 3 2 5 2 2
2 2 2 17 2 18 5 2 2 2 28 5 2 2 2 2 3 2 4 2 2
2 2 2 17 2 18 5 2 2 2 28 5 2 2 2 2 3 2 4 2 3
2 2 2 17 2 18 5 2 2 2 28 5 2 2 2 2 3 2 4 3 2
2 2 2 17 2 18 5 2 2 2 28 5 2 2 2 2 3 2 5 2 2
2 2 2 17 3 18 5 2 2 2 28 5 2 2 2 2 3 2 4 2 2
2 2 2 17 3 18 5 2 2 2 28 5 2 2 2 2 3 2 4 2 3
2 2 2 17 3 18 5 2 2 2 28 5 2 2 2 2 3 2 4 3 2
2 2 2 17 3 18 5 2 2 2 28 5 2 2 2 2 3 2 5 2 2
2 2 2 17 2 18 5 3 2 2 28 4 2 2 2 2 3 2 5 2 2
2 2 2 17 2 18 5 3 2 2 28 4 2 2 2 2 3 3 5 2 2
2 2 2 17 2 18 5 3 2 2 28 4 2 2 3 2 3 2 5 2 2
2 2 2 17 3 18 5 3 2 2 28 4 2 2 2 2 3 2 5 2 2
2 2 2 17 3 18 5 3 2 2 28 4 2 2 2 2 3 3 5 2 2
2 2 2 17 3 18 5 3 2 2 28 4 2 2 3 2 3 2 5 2 2
2 2 2 17 4 18 5 3 2 2 28 4 2 2 2 2 3 2 5 2 2
2 2 2 17 4 18 5 3 2 2 28 4 2 2 2 2 3 3 5 2 2
2 2 2 17 4 18 5 3 2 2 28 4 2 2 3 2 3 2 5 2 2
2 2 2 17 2 18 5 3 2 2 28 5 2 2 2 2 3 2 4 2 2
2 2 2 17 2 18 5 3 2 2 28 5 2 2 2 2 3 2 4 2 3
2 2 2 17 2 18 5 3 2 2 28 5 2 2 2 2 3 2 4 3 2
2 2 2 17 2 18 5 3 2 2 28 5 2 2 2 2 3 2 5 2 2
2 2 2 17 3 18 5 3 2 2 28 5 2 2 2 2 3 2 4 2 2
2 2 2 17 3 18 5 3 2 2 28 5 2 2 2 2 3 2 4 2 3
2 2 2 17 3 18 5 3 2 2 28 5 2 2 2 2 3 2 4 3 2
2 2 2 17 3 18 5 3 2 2 28 5 2 2 2 2 3 2 5 2 2
2 2 2 17 2 18 5 4 2 2 28 5 2 2 2 2 3 2 4 2 2
2 2 2 17 2 18 5 4 2 2 28 5 2 2 2 2 3 2 4 2 3
2 2 2 17 2 18 5 4 2 2 28 5 2 2 2 2 3 2 4 3 2
2 2 2 17 3 18 5 4 2 2 28 5 2 2 2 2 3 2 4 2 2
2 2 2 17 3 18 5 4 2 2 28 5 2 2 2 2 3 2 4 2 3
2 2 2 17 3 18 5 4 2 2 28 5 2 2 2 2 3 2 4 3 2
2 2 2 17 2 18 6 2 2 2 28 4 2 2 2 2 3 2 5 2 2
2 2 2 17 2 18 6 2 2 2 28 4 2 2 2 2 3 3 5 2 2
2 2 2 17 2 18 6 2 2 2 28 4 2 2 3 2 3 2 5 2 2
2 2 2 17 3 18 6 2 2 2 28 4 2 2 2 2 3 2 5 2 2
2 2 2 17 3 18 6 2 2 2 28 4 2 2 2 2 3 3 5 2 2
2 2 2 17 3 18 6 2 2 2 28 4 2 2 3 2 3 2 5 2 2
2 2 2 17 4 18 6 2 2 2 28 4 2 2 2 2 3 2 5 2 2
2 2 2 17 4 18 6 2 2 2 28 4 2 2 2 2 3 3 5 2 2
2 2 2 17 4 18 6 2 2 2 28 4 2 2 3 2 3 2 5 2 2
2 2 2 17 2 18 6 2 2 2 28 5 2 2 2 2 3 2 4 2 2
2 2 2 17 2 18 6 2 2 2 28 5 2 2 2 2 3 2 4 2 3
2 2 2 17 2 18 6 2 2 2 28 5 2 2 2 2 3 2 4 3 2
2 2 2 17 2 18 6 2 2 2 28 5 2 2 2 2 3 2 5 2 2
2 2 2 17 3 18 6 2 2 2 28 5 2 2 2 2 3 2 4 2 2
2 2 2 17 3 18 6 2 2 2 28 5 2 2 2 2 3 2 4 2 3
2 2 2 17 3 18 6 2 2 2 28 5 2 2 2 2 3 2 4 3 2
2 2 2 17 3 18 6 2 2 2 28 5 2 2 2 2 3 2 5 2 2
2 2 2 17 2 18 6 3 2 2 28 4 2 2 2 2 3 2 5 2 2
2 2 2 17 2 18 6 3 2 2 28 4 2 2 2 2 3 3 5 2 2
2 2 2 17 2 18 6 3 2 2 28 4 2 2 3 2 3 2 5 2 2
2 2 2 17 3 18 6 3 2 2 28 4 2 2 2 2 3 2 5 2 2
2 2 2 17 3 18 6 3 2 2 28 4 2 2 2 2 3 3 5 2 2
2 2 2 17 3 18 6 3 2 2 28 4 2 2 3 2 3 2 5 2 2
2 2 2 17 4 18 6 3 2 2 28 4 2 2 2 2 3 2 5 2 2
2 2 2 17 4 18 6 3 2 2 28 4 2 2 2 2 3 3 5 2 2
2 2 2 17 4 18 6 3 2 2 28 4 2 2 3 2 3 2 5 2 2
2 2 2 17 2 18 6 3 2 2 28 5 2 2 2 2 3 2 4 2 2
2 2 2 17 2 18 6 3 2 2 28 5 2 2 2 2 3 2 4 2 3
2 2 2 17 2 18 6 3 2 2 28 5 2 2 2 2 3 2 4 3 2
2 2 2 17 2 18 6 3 2 2 28 5 2 2 2 2 3 2 5 2 2
2 2 2 17 3 18 6 3 2 2 28 5 2 2 2 2 3 2 4 2 2
2 2 2 17 3 18 6 3 2 2 28 5 2 2 2 2 3 2 4 2 3
2 2 2 17 3 18 6 3 2 2 28 5 2 2 2 2 3 2 4 3 2
2 2 2 17 3 18 6 3 2 2 28 5 2 2 2 2 3 2 5 2 2
2 2 2 17 2 18 6 4 2 2 28 5 2 2 2 2 3 2 4 2 2
2 2 2 17 2 18 6 4 2 2 28 5 2 2 2 2 3 2 4 2 3
2 2 2 17 2 18 6 4 2 2 28 5 2 2 2 2 3 2 4 3 2
2 2 2 17 3 18 6 4 2 2 28 5 2 2 2 2 3 2 4 2 2
2 2 2 17 3 18 6 4 2 2 28 5 2 2 2 2 3 2 4 2 3
2 2 2 17 3 18 6 4 2 2 28 5 2 2 2 2 3 2 4 3 2
2 2 2 17 2 18 27 2 2 2 28 3 2 2 2 2 5 2 3 2 2
2 2 2 17 2 18 27 2 2 2 28 3 2 2 3 2 5 2 3 2 2
2 2 2 17 2 18 27 2 2 2 28 3 2 2 3 2 5 2 3 3 2
2 2 2 17 2 18 27 2 2 2 28 5 2 2 2 2 3 2 4 2 2
2 2 2 17 2 18 27 2 2 2 28 5 2 2 2 2 3 2 4 2 3
2 2 2 17 2 18 27 2 2 2 28 5 2 2 2 2 3 2 4 3 2
2 2 2 17 2 18 27 2 2 2 28 5 2 2 2 2 3 2 5 2 2
2 2 2 17 2 18 27 3 2 2 28 4 2 2 2 2 3 2 5 2 2
2 2 2 17 2 18 27 3 2 2 28 4 2 2 2 2 3 3 5 2 2
2 2 2 17 2 18 27 3 2 2 28 4 2 2 3 2 3 2 5 2 2
2 2 2 17 2 18 27 3 2 2 28 5 2 2 2 2 3 2 4 2 2
2 2 2 17 2 18 27 3 2 2 28 5 2 2 2 2 3 2 4 2 3
2 2 2 17 2 18 27 3 2 2 28 5 2 2 2 2 3 2 4 3 2
2 2 2 17 2 18 27 3 2 2 28 5 2 2 2 2 3 2 5 2 2
2 2 2 17 3 18 27 3 2 2 28 5 2 2 2 2 3 2 4 2 2
2 2 2 17 3 18 27 3 2 2 28 5 2 2 2 2 3 2 4 2 3
2 2 2 17 3 18 27 3 2 2 28 5 2 2 2 2 3 2 4 3 2
2 2 2 17 3 18 27 3 2 2 28 5 2 2 2 2 3 2 5 2 2
2 2 2 17 2 18 27 4 2 2 28 5 2 2 2 2 3 2 4 2 2
2 2 2 17 2 18 27 4 2 2 28 5 2 2 2 2 3 2 4 2 3
2 2 2 17 2 18 27 4 2 2 28 5 2 2 2 2 3 2 4 3 2
2 2 2 17 3 18 27 4 2 2 28 5 2 2 2 2 3 2 4 2 2
2 2 2 17 3 18 27 4 2 2 28 5 2 2 2 2 3 2 4 2 3
2 2 2 17 3 18 27 4 2 2 28 5 2 2 2 2 3 2 4 3 2
2 3 2 4 2 18 2 5 2 2 28 4 2 3 2 2 2 2 5 2 2
2 3 2 4 2 18 2 5 2 2 28 4 2 3 2 2 2 3 5 2 2
2 3 2 4 2 18 2 5 2 2 28 4 2 3 3 2 2 2 5 2 2
2 3 2 4 2 18 2 6 2 2 28 4 2 3 2 2 2 2 5 2 2
2 3 2 4 2 18 2 6 2 2 28 4 2 3 2 2 2 3 5 2 2
2 3 2 4 2 18 2 6 2 2 28 4 2 3 3 2 2 2 5 2 2
2 3 2 4 2 18 2 17 2 2 28 4 2 3 2 2 2 2 5 2 2
2 3 2 4 2 18 2 17 2 2 28 4 2 3 2 2 2 3 5 2 2
2 3 2 4 2 18 2 17 2 2 28 4 2 3 3 2 2 2 5 2 2
2 3 2 4 2 18 3 3 2 2 28 4 2 2 2 2 3 2 5 2 2
2 3 2 4 2 18 3 3 2 2 28 4 2 2 2 2 3 3 5 2 2
2 3 2 4 2 18 3 3 2 2 28 4 2 2 3 2 3 2 5 2 2
2 3 2 4 2 18 3 3 2 2 28 4 2 3 2 2 2 2 5 2 2
2 3 2 4 2 18 3 3 2 2 28 4 2 3 2 2 2 3 5 2 2
2 3 2 4 2 18 3 3 2 2 28 4 2 3 3 2 2 2 5 2 2
2 3 2 4 2 18 3 4 2 2 28 4 2 3 2 2 2 2 5 2 2
2 3 2 4 2 18 3 4 2 2 28 4 2 3 2 2 2 3 5 2 2
2 3 2 4 2 18 3 4 2 2 28 4 2 3 3 2 2 2 5 2 2
2 3 2 4 2 18 3 5 2 2 28 4 2 3 2 2 2 2 5 2 2
2 3 2 4 2 18 3 5 2 2 28 4 2 3 2 2 2 3 5 2 2
2 3 2 4 2 18 3 5 2 2 28 4 2 3 3 2 2 2 5 2 2
2 3 2 4 2 18 3 6 2 2 28 4 2 3 2 2 2 2 5 2 2
2 3 2 4 2 18 3 6 2 2 28 4 2 3 2 2 2 3 5 2 2
2 3 2 4 2 18 3 6 2 2 28 4 2 3 3 2 2 2 5 2 2
2 3 2 4 2 18 3 17 2 2 28 4 2 3 2 2 2 2 5 2 2
2 3 2 4 2 18 3 17 2 2 28 4 2 3 2 2 2 3 5 2 2
2 3 2 4 2 18 3 17 2 2 28 4 2 3 3 2 2 2 5 2 2
3 2 2 4 2 18 3 3 2 2 28 4 2 3 2 2 2 2 5 2 2
3 2 2 4 2 18 3 3 2 2 28 4 2 3 2 2 2 3 5 2 2
3 2 2 4 2 18 3 3 2 2 28 4 2 3 3 2 2 2 5 2 2
3 2 2 4 2 18 3 3 2 2 28 5 2 3 2 2 2 2 5 2 2
3 2 2 5 2 18 3 3 2 2 28 4 2 3 2 2 2 2 5 2 2
3 2 2 5 2 18 3 3 2 2 28 4 2 3 2 2 2 3 5 2 2
3 2 2 5 2 18 3 3 2 2 28 4 2 3 3 2 2 2 5 2 2
3 2 2 5 2 18 3 3 2 2 28 5 2 3 2 2 2 2 4 2 2
3 2 2 5 2 18 3 3 2 2 28 5 2 3 2 2 2 2 4 2 3
3 2 2 5 2 18 3 3 2 2 28 5 2 3 2 2 2 2 4 3 2
3 2 2 5 2 18 3 3 2 2 28 5 2 3 2 2 2 2 5 2 2
2 2 2 4 3 18 4 3 2 2 28 3 3 2 2 2 4 2 3 2 2
2 2 2 4 3 18 4 3 2 2 28 3 3 2 2 2 4 3 3 2 2
2 2 2 4 3 18 4 3 2 2 28 3 3 2 3 2 4 2 3 2 2
2 2 2 4 3 18 4 3 2 2 28 3 3 2 4 2 4 2 3 2 2
2 2 2 4 3 18 4 3 2 2 28 4 3 2 2 2 3 2 3 2 2
2 2 2 4 3 18 4 3 2 2 28 4 3 2 2 2 3 2 3 2 3
2 2 2 4 3 18 4 3 2 2 28 4 3 2 2 2 3 2 3 2 4
2 2 2 4 3 18 4 3 2 2 28 4 3 2 2 2 3 2 3 3 2
2 2 2 4 3 18 4 3 2 2 28 4 3 2 2 2 3 3 3 2 2
2 2 2 4 3 18 4 3 2 2 28 4 3 2 2 2 3 2 3 4 2
2 2 2 4 3 18 4 3 2 2 28 4 3 2 3 2 3 2 3 2 2
2 2 2 4 3 18 4 3 2 2 28 4 3 2 2 2 3 2 4 2 2
2 2 2 4 3 18 4 3 2 2 28 4 3 2 2 2 3 3 4 2 2
2 2 2 4 3 18 4 3 2 2 28 4 3 2 3 2 3 2 4 2 2
2 2 2 4 3 18 4 4 2 2 28 3 3 2 2 2 3 2 4 2 2
2 2 2 4 3 18 4 4 2 2 28 3 3 2 2 2 3 2 4 2 3
2 2 2 4 3 18 4 4 2 2 28 3 3 2 2 2 3 2 4 3 2
2 2 2 4 3 18 4 4 2 2 28 3 3 2 2 2 3 3 4 2 2
2 2 2 4 3 18 4 4 2 2 28 3 3 2 2 2 3 4 4 2 2
2 2 2 4 3 18 4 4 2 2 28 3 3 2 3 2 3 2 4 2 2
2 2 2 4 3 18 4 4 2 2 28 3 3 2 4 2 3 2 4 2 2
2 2 2 4 3 18 4 4 2 2 28 4 3 2 2 2 3 2 3 2 2
2 2 2 4 3 18 4 4 2 2 28 4 3 2 2 2 3 2 3 2 3
2 2 2 4 3 18 4 4 2 2 28 4 3 2 2 2 3 2 3 2 4
2 2 2 4 3 18 4 4 2 2 28 4 3 2 2 2 3 2 3 3 2
2 2 2 4 3 18 4 4 2 2 28 4 3 2 2 2 3 3 3 2 2
2 2 2 4 3 18 4 4 2 2 28 4 3 2 2 2 3 2 3 4 2
2 2 2 4 3 18 4 4 2 2 28 4 3 2 3 2 3 2 3 2 2
2 2 2 4 3 18 4 4 2 2 28 4 3 2 2 2 3 2 4 2 2
2 2 2 4 3 18 4 4 2 2 28 4 3 2 2 2 3 2 4 2 3
2 2 2 4 3 18 4 4 2 2 28 4 3 2 2 2 3 2 4 3 2
2 2 2 4 3 18 4 4 2 2 28 4 3 2 2 2 3 3 4 2 2
2 2 2 4 3 18 4 4 2 2 28 4 3 2 3 2 3 2 4 2 2
2 2 2 4 4 18 4 4 2 2 28 4 3 2 2 2 3 2 3 2 2
2 2 2 4 4 18 4 4 2 2 28 4 3 2 2 2 3 2 3 3 2
2 2 2 4 4 18 4 4 2 2 28 4 3 2 2 2 3 2 3 4 2
2 2 2 4 4 18 4 4 2 2 28 4 3 2 3 2 3 2 3 2 2
2 2 2 4 4 18 4 4 2 2 28 4 3 2 2 2 3 2 4 2 2
2 2 2 4 4 18 4 4 2 2 28 4 3 2 3 2 3 2 4 2 2
2 2 2 4 3 18 4 5 2 2 28 4 3 2 2 2 3 2 3 2 2
2 2 2 4 3 18 4 5 2 2 28 4 3 2 2 2 3 2 3 2 3
2 2 2 4 3 18 4 5 2 2 28 4 3 2 2 2 3 2 3 2 4
2 2 2 4 3 18 4 5 2 2 28 4 3 2 2 2 3 2 3 3 2
2 2 2 4 3 18 4 5 2 2 28 4 3 2 2 2 3 3 3 2 2
2 2 2 4 3 18 4 5 2 2 28 4 3 2 2 2 3 2 3 4 2
2 2 2 4 3 18 4 5 2 2 28 4 3 2 3 2 3 2 3 2 2
2 3 2 4 2 18 4 3 2 2 28 4 2 2 2 2 3 2 5 2 2
2 3 2 4 2 18 4 3 2 2 28 4 2 2 2 2 3 3 5 2 2
2 3 2 4 2 18 4 3 2 2 28 4 2 2 3 2 3 2 5 2 2
3 2 2 3 3 18 3 3 2 2 28 4 3 2 2 2 3 2 4 2 2
3 2 2 3 3 18 3 3 2 2 28 4 3 2 3 2 3 2 4 2 2
3 2 2 3 3 18 3 3 2 2 28 5 3 2 2 2 2 2 4 2 2
3 2 2 3 3 18 3 3 2 2 28 5 3 2 2 2 2 2 4 2 3
3 2 2 3 3 18 3 3 2 2 28 5 3 2 2 2 2 2 4 3 2
3 2 2 3 3 18 3 3 2 2 28 5 3 2 2 2 2 2 5 2 2
3 2 2 3 3 18 3 3 2 2 28 5 3 2 2 2 3 2 4 2 2
3 2 2 3 3 18 3 3 2 2 28 5 3 2 2 2 3 2 4 3 2
3 2 2 3 3 18 3 3 2 2 28 5 3 2 2 2 3 2 5 2 2
3 2 2 3 3 18 3 4 2 2 28 4 3 2 2 2 2 2 5 2 2
3 2 2 3 3 18 3 4 2 2 28 4 3 2 2 2 2 3 5 2 2
3 2 2 3 3 18 3 4 2 2 28 4 3 2 3 2 2 2 5 2 2
3 2 2 3 3 18 3 4 2 2 28 5 3 2 2 2 2 2 4 2 2
3 2 2 3 3 18 3 4 2 2 28 5 3 2 2 2 2 2 4 2 3
3 2 2 3 3 18 3 4 2 2 28 5 3 2 2 2 2 2 4 3 2
3 2 2 3 3 18 3 4 2 2 28 5 3 2 2 2 2 2 5 2 2
3 2 2 3 3 18 3 5 2 2 28 4 3 2 2 2 2 2 5 2 2
3 2 2 3 3 18 3 5 2 2 28 4 3 2 2 2 2 3 5 2 2
3 2 2 3 3 18 3 5 2 2 28 4 3 2 3 2 2 2 5 2 2
3 2 2 3 3 18 3 5 2 2 28 5 3 2 2 2 2 2 4 2 2
3 2 2 3 3 18 3 5 2 2 28 5 3 2 2 2 2 2 4 2 3
3 2 2 3 3 18 3 5 2 2 28 5 3 2 2 2 2 2 4 3 2
3 2 2 3 3 18 3 5 2 2 28 5 3 2 2 2 2 2 5 2 2
3 2 2 4 2 18 4 2 2 2 28 5 2 2 2 2 3 2 5 2 2
3 2 2 4 2 18 4 3 2 2 28 4 2 2 2 2 3 2 5 2 2
3 2 2 4 2 18 4 3 2 2 28 4 2 2 2 2 3 3 5 2 2
3 2 2 4 2 18 4 3 2 2 28 4 2 2 3 2 3 2 5 2 2
3 2 2 4 2 18 4 3 2 2 28 5 2 2 2 2 3 2 5 2 2
3 2 2 4 3 18 4 3 2 2 28 5 2 2 2 2 3 2 4 2 2
3 2 2 4 3 18 4 3 2 2 28 5 2 2 2 2 3 2 4 2 3
3 2 2 4 3 18 4 3 2 2 28 5 2 2 2 2 3 2 4 3 2
3 2 2 4 3 18 4 3 2 2 28 5 2 2 2 2 3 2 5 2 2
