2 2 2 3 3 18 4 5 2 2 2 2 2 2 1 3 2 2 6 2 2
2 2 2 3 3 18 5 4 2 2 2 2 2 2 1 3 2 2 6 2 2
2 2 2 3 3 18 5 4 2 2 3 2 2 2 1 3 2 2 6 2 2
2 2 2 3 3 18 5 5 2 2 2 2 2 2 1 3 2 2 6 2 2
2 2 2 3 3 18 6 4 2 2 2 2 2 2 1 3 2 2 6 2 2
2 2 2 3 3 18 6 4 2 2 3 2 2 2 1 3 2 2 6 2 2
2 2 2 3 3 18 6 5 2 2 2 2 2 2 1 3 2 2 6 2 2
2 2 2 3 3 18 17 3 2 2 2 2 2 2 1 3 2 2 6 2 2
2 2 2 3 3 18 17 3 2 2 3 2 2 2 1 3 2 2 6 2 2
2 2 2 3 3 18 17 3 2 2 4 2 2 2 1 3 2 2 6 2 2
2 2 2 3 3 18 17 3 2 2 5 2 2 2 1 3 2 2 6 2 2
2 2 2 3 3 18 17 3 2 2 2 2 2 2 1 4 2 2 4 2 2
2 2 2 3 3 18 17 3 2 2 3 2 2 2 1 4 2 2 4 2 2
2 2 2 3 3 18 17 3 2 2 4 2 2 2 1 4 2 2 4 2 2
2 2 2 3 3 18 17 4 2 2 2 2 2 2 1 3 2 2 6 2 2
2 2 2 3 3 18 17 4 2 2 3 2 2 2 1 3 2 2 6 2 2
2 2 2 3 3 18 17 5 2 2 2 2 2 2 1 3 2 2 6 2 2
2 2 2 4 2 18 4 5 2 2 2 2 2 2 1 2 3 2 6 2 2
2 2 2 4 3 18 4 5 2 2 2 2 2 2 1 2 3 2 6 2 2
2 2 2 4 2 18 5 4 2 2 2 2 2 2 1 2 3 2 6 2 2
2 2 2 4 2 18 5 4 2 2 3 2 2 2 1 2 3 2 6 2 2
2 2 2 4 3 18 5 4 2 2 2 2 2 2 1 2 3 2 6 2 2
2 2 2 4 3 18 5 4 2 2 3 2 2 2 1 2 3 2 6 2 2
2 2 2 4 2 18 5 5 2 2 2 2 2 2 1 2 3 2 6 2 2
2 2 2 4 3 18 5 5 2 2 2 2 2 2 1 2 3 2 6 2 2
2 2 2 4 2 18 5 4 2 2 2 2 2 2 1 3 2 2 6 2 2
2 2 2 4 2 18 5 4 2 2 3 2 2 2 1 3 2 2 6 2 2
2 2 2 4 3 18 5 4 2 2 2 2 2 2 1 3 2 2 6 2 2
2 2 2 4 3 18 5 4 2 2 3 2 2 2 1 3 2 2 6 2 2
2 2 2 4 3 18 5 4 2 2 2 2 2 2 1 3 3 2 3 2 2
2 2 2 4 3 18 5 4 2 2 3 2 2 2 1 3 3 2 3 2 2
2 2 2 4 4 18 5 4 2 2 2 2 2 2 1 3 2 2 6 2 2
2 2 2 4 4 18 5 4 2 2 3 2 2 2 1 3 2 2 6 2 2
2 2 2 4 4 18 5 4 2 2 2 2 2 2 1 3 3 2 3 2 2
2 2 2 4 4 18 5 4 2 2 3 2 2 2 1 3 3 2 3 2 2
2 2 3 4 2 18 5 4 2 2 2 2 2 2 1 2 3 2 6 2 2
2 2 3 4 2 18 5 4 2 2 3 2 2 2 1 2 3 2 6 2 2
2 2 2 4 2 18 6 4 2 2 2 2 2 2 1 2 3 2 6 2 2
2 2 2 4 2 18 6 4 2 2 3 2 2 2 1 2 3 2 6 2 2
2 2 2 4 3 18 6 4 2 2 2 2 2 2 1 2 3 2 6 2 2
2 2 2 4 3 18 6 4 2 2 3 2 2 2 1 2 3 2 6 2 2
2 2 2 4 2 18 6 5 2 2 2 2 2 2 1 2 3 2 6 2 2
2 2 2 4 3 18 6 5 2 2 2 2 2 2 1 2 3 2 6 2 2
2 2 2 4 2 18 6 4 2 2 2 2 2 2 1 3 2 2 6 2 2
2 2 2 4 2 18 6 4 2 2 3 2 2 2 1 3 2 2 6 2 2
2 2 2 4 3 18 6 4 2 2 2 2 2 2 1 3 2 2 6 2 2
2 2 2 4 3 18 6 4 2 2 3 2 2 2 1 3 2 2 6 2 2
2 2 2 4 3 18 6 4 2 2 2 2 2 2 1 3 3 2 3 2 2
2 2 2 4 3 18 6 4 2 2 3 2 2 2 1 3 3 2 3 2 2
2 2 2 4 4 18 6 4 2 2 2 2 2 2 1 3 2 2 6 2 2
2 2 2 4 4 18 6 4 2 2 3 2 2 2 1 3 2 2 6 2 2
2 2 2 4 4 18 6 4 2 2 2 2 2 2 1 3 3 2 3 2 2
2 2 2 4 4 18 6 4 2 2 3 2 2 2 1 3 3 2 3 2 2
2 2 3 4 2 18 6 4 2 2 2 2 2 2 1 2 3 2 6 2 2
2 2 3 4 2 18 6 4 2 2 3 2 2 2 1 2 3 2 6 2 2
2 2 2 4 2 18 17 3 2 2 2 2 2 2 1 2 3 2 6 2 2
2 2 2 4 2 18 17 3 2 2 3 2 2 2 1 2 3 2 6 2 2
2 2 2 4 2 18 17 3 2 2 4 2 2 2 1 2 3 2 6 2 2
2 2 2 4 2 18 17 3 2 2 5 2 2 2 1 2 3 2 6 2 2
2 2 2 4 3 18 17 3 2 2 2 2 2 2 1 2 3 2 6 2 2
2 2 2 4 3 18 17 3 2 2 3 2 2 2 1 2 3 2 6 2 2
2 2 2 4 3 18 17 3 2 2 4 2 2 2 1 2 3 2 6 2 2
2 2 2 4 3 18 17 3 2 2 5 2 2 2 1 2 3 2 6 2 2
2 2 2 4 3 18 17 3 2 2 2 2 2 2 1 2 4 2 4 2 2
2 2 2 4 3 18 17 3 2 2 3 2 2 2 1 2 4 2 4 2 2
2 2 2 4 3 18 17 3 2 2 4 2 2 2 1 2 4 2 4 2 2
2 2 2 4 2 18 17 3 2 2 2 2 2 2 1 3 2 2 6 2 2
2 2 2 4 2 18 17 3 2 2 3 2 2 2 1 3 2 2 6 2 2
2 2 2 4 2 18 17 3 2 2 4 2 2 2 1 3 2 2 6 2 2
2 2 2 4 2 18 17 3 2 2 5 2 2 2 1 3 2 2 6 2 2
2 2 2 4 3 18 17 3 2 2 2 2 2 2 1 3 2 2 6 2 2
2 2 2 4 3 18 17 3 2 2 3 2 2 2 1 3 2 2 6 2 2
2 2 2 4 3 18 17 3 2 2 4 2 2 2 1 3 2 2 6 2 2
2 2 2 4 3 18 17 3 2 2 5 2 2 2 1 3 2 2 6 2 2
2 2 2 4 3 18 17 3 2 2 2 2 2 2 1 3 3 2 3 2 2
2 2 2 4 3 18 17 3 2 2 3 2 2 2 1 3 3 2 3 2 2
2 2 2 4 3 18 17 3 2 2 4 2 2 2 1 3 3 2 3 2 2
2 2 2 4 3 18 17 3 2 2 5 2 2 2 1 3 3 2 3 2 2
2 2 2 4 4 18 17 3 2 2 2 2 2 2 1 3 2 2 6 2 2
2 2 2 4 4 18 17 3 2 2 3 2 2 2 1 3 2 2 6 2 2
2 2 2 4 4 18 17 3 2 2 4 2 2 2 1 3 2 2 6 2 2
2 2 2 4 4 18 17 3 2 2 5 2 2 2 1 3 2 2 6 2 2
2 2 2 4 4 18 17 3 2 2 2 2 2 2 1 3 3 2 3 2 2
2 2 2 4 4 18 17 3 2 2 3 2 2 2 1 3 3 2 3 2 2
2 2 2 4 4 18 17 3 2 2 4 2 2 2 1 3 3 2 3 2 2
2 2 2 4 4 18 17 3 2 2 5 2 2 2 1 3 3 2 3 2 2
2 2 2 4 2 18 17 4 2 2 2 2 2 2 1 2 3 2 6 2 2
2 2 2 4 2 18 17 4 2 2 3 2 2 2 1 2 3 2 6 2 2
2 2 2 4 3 18 17 4 2 2 2 2 2 2 1 2 3 2 6 2 2
2 2 2 4 3 18 17 4 2 2 3 2 2 2 1 2 3 2 6 2 2
2 2 2 4 2 18 17 5 2 2 2 2 2 2 1 2 3 2 6 2 2
2 2 2 4 3 18 17 5 2 2 2 2 2 2 1 2 3 2 6 2 2
2 2 3 4 2 18 17 3 2 2 2 2 2 2 1 2 3 2 6 2 2
2 2 3 4 2 18 17 3 2 2 3 2 2 2 1 2 3 2 6 2 2
2 2 3 4 2 18 17 3 2 2 4 2 2 2 1 2 3 2 6 2 2
2 2 3 4 2 18 17 3 2 2 5 2 2 2 1 2 3 2 6 2 2
2 2 2 4 2 18 17 4 2 2 2 2 2 2 1 3 2 2 6 2 2
2 2 2 4 2 18 17 4 2 2 3 2 2 2 1 3 2 2 6 2 2
2 2 2 4 3 18 17 4 2 2 2 2 2 2 1 3 2 2 6 2 2
2 2 2 4 3 18 17 4 2 2 3 2 2 2 1 3 2 2 6 2 2
2 2 2 4 3 18 17 4 2 2 2 2 2 2 1 3 3 2 3 2 2
2 2 2 4 3 18 17 4 2 2 3 2 2 2 1 3 3 2 3 2 2
2 2 2 4 4 18 17 4 2 2 2 2 2 2 1 3 2 2 6 2 2
2 2 2 4 4 18 17 4 2 2 3 2 2 2 1 3 2 2 6 2 2
2 2 2 4 4 18 17 4 2 2 2 2 2 2 1 3 3 2 3 2 2
2 2 2 4 4 18 17 4 2 2 3 2 2 2 1 3 3 2 3 2 2
2 2 3 4 2 18 17 4 2 2 2 2 2 2 1 2 3 2 6 2 2
2 2 3 4 2 18 17 4 2 2 3 2 2 2 1 2 3 2 6 2 2
2 2 2 5 2 18 4 5 2 2 2 2 2 2 1 2 3 2 6 2 2
2 2 2 5 3 18 4 5 2 2 2 2 2 2 1 2 3 2 6 2 2
2 2 2 5 2 18 5 4 2 2 2 2 2 2 1 2 3 2 6 2 2
2 2 2 5 2 18 5 4 2 2 3 2 2 2 1 2 3 2 6 2 2
2 2 2 5 3 18 5 4 2 2 2 2 2 2 1 2 3 2 6 2 2
2 2 2 5 3 18 5 4 2 2 3 2 2 2 1 2 3 2 6 2 2
2 2 2 5 4 18 5 4 2 2 2 2 2 2 1 2 3 2 6 2 2
2 2 2 5 4 18 5 4 2 2 3 2 2 2 1 2 3 2 6 2 2
2 2 2 5 2 18 5 5 2 2 2 2 2 2 1 2 3 2 6 2 2
2 2 2 5 3 18 5 5 2 2 2 2 2 2 1 2 3 2 6 2 2
2 2 2 5 2 18 6 4 2 2 2 2 2 2 1 2 3 2 6 2 2
2 2 2 5 2 18 6 4 2 2 3 2 2 2 1 2 3 2 6 2 2
2 2 2 5 3 18 6 4 2 2 2 2 2 2 1 2 3 2 6 2 2
2 2 2 5 3 18 6 4 2 2 3 2 2 2 1 2 3 2 6 2 2
2 2 2 5 4 18 6 4 2 2 2 2 2 2 1 2 3 2 6 2 2
2 2 2 5 4 18 6 4 2 2 3 2 2 2 1 2 3 2 6 2 2
2 2 2 5 2 18 6 5 2 2 2 2 2 2 1 2 3 2 6 2 2
2 2 2 5 3 18 6 5 2 2 2 2 2 2 1 2 3 2 6 2 2
2 2 2 5 2 18 17 3 2 2 2 2 2 2 1 2 3 2 6 2 2
2 2 2 5 2 18 17 3 2 2 3 2 2 2 1 2 3 2 6 2 2
2 2 2 5 2 18 17 3 2 2 4 2 2 2 1 2 3 2 6 2 2
2 2 2 5 2 18 17 3 2 2 5 2 2 2 1 2 3 2 6 2 2
2 2 2 5 2 18 17 3 2 2 2 2 2 2 1 2 4 2 4 2 2
2 2 2 5 2 18 17 3 2 2 3 2 2 2 1 2 4 2 4 2 2
2 2 2 5 2 18 17 3 2 2 4 2 2 2 1 2 4 2 4 2 2
2 2 2 5 3 18 17 3 2 2 2 2 2 2 1 2 3 2 6 2 2
2 2 2 5 3 18 17 3 2 2 3 2 2 2 1 2 3 2 6 2 2
2 2 2 5 3 18 17 3 2 2 4 2 2 2 1 2 3 2 6 2 2
2 2 2 5 3 18 17 3 2 2 5 2 2 2 1 2 3 2 6 2 2
2 2 2 5 3 18 17 3 2 2 2 2 2 2 1 2 4 2 4 2 2
2 2 2 5 3 18 17 3 2 2 3 2 2 2 1 2 4 2 4 2 2
2 2 2 5 3 18 17 3 2 2 4 2 2 2 1 2 4 2 4 2 2
2 2 2 5 4 18 17 3 2 2 2 2 2 2 1 2 3 2 6 2 2
2 2 2 5 4 18 17 3 2 2 3 2 2 2 1 2 3 2 6 2 2
2 2 2 5 4 18 17 3 2 2 4 2 2 2 1 2 3 2 6 2 2
2 2 2 5 4 18 17 3 2 2 5 2 2 2 1 2 3 2 6 2 2
2 2 2 5 2 18 17 3 2 2 2 2 2 2 1 3 2 2 6 2 2
2 2 2 5 2 18 17 3 2 2 3 2 2 2 1 3 2 2 6 2 2
2 2 2 5 2 18 17 3 2 2 4 2 2 2 1 3 2 2 6 2 2
2 2 2 5 2 18 17 3 2 2 5 2 2 2 1 3 2 2 6 2 2
2 2 2 5 3 18 17 3 2 2 2 2 2 2 1 3 2 2 6 2 2
2 2 2 5 3 18 17 3 2 2 3 2 2 2 1 3 2 2 6 2 2
2 2 2 5 3 18 17 3 2 2 4 2 2 2 1 3 2 2 6 2 2
2 2 2 5 3 18 17 3 2 2 5 2 2 2 1 3 2 2 6 2 2
2 2 2 5 3 18 17 3 2 2 2 2 2 2 1 3 3 2 3 2 2
2 2 2 5 3 18 17 3 2 2 3 2 2 2 1 3 3 2 3 2 2
2 2 2 5 3 18 17 3 2 2 4 2 2 2 1 3 3 2 3 2 2
2 2 2 5 3 18 17 3 2 2 5 2 2 2 1 3 3 2 3 2 2
2 2 2 5 4 18 17 3 2 2 2 2 2 2 1 3 2 2 6 2 2
2 2 2 5 4 18 17 3 2 2 3 2 2 2 1 3 2 2 6 2 2
2 2 2 5 4 18 17 3 2 2 4 2 2 2 1 3 2 2 6 2 2
2 2 2 5 4 18 17 3 2 2 5 2 2 2 1 3 2 2 6 2 2
2 2 2 5 4 18 17 3 2 2 2 2 2 2 1 3 3 2 3 2 2
2 2 2 5 4 18 17 3 2 2 3 2 2 2 1 3 3 2 3 2 2
2 2 2 5 4 18 17 3 2 2 4 2 2 2 1 3 3 2 3 2 2
2 2 2 5 4 18 17 3 2 2 5 2 2 2 1 3 3 2 3 2 2
2 2 2 5 5 18 17 3 2 2 2 2 2 2 1 3 2 2 6 2 2
2 2 2 5 5 18 17 3 2 2 3 2 2 2 1 3 2 2 6 2 2
2 2 2 5 5 18 17 3 2 2 4 2 2 2 1 3 2 2 6 2 2
2 2 2 5 5 18 17 3 2 2 5 2 2 2 1 3 2 2 6 2 2
2 2 2 5 5 18 17 3 2 2 2 2 2 2 1 3 3 2 3 2 2
2 2 2 5 5 18 17 3 2 2 3 2 2 2 1 3 3 2 3 2 2
2 2 2 5 5 18 17 3 2 2 4 2 2 2 1 3 3 2 3 2 2
2 2 2 5 5 18 17 3 2 2 5 2 2 2 1 3 3 2 3 2 2
2 2 2 5 2 18 17 4 2 2 2 2 2 2 1 2 3 2 6 2 2
2 2 2 5 2 18 17 4 2 2 3 2 2 2 1 2 3 2 6 2 2
2 2 2 5 3 18 17 4 2 2 2 2 2 2 1 2 3 2 6 2 2
2 2 2 5 3 18 17 4 2 2 3 2 2 2 1 2 3 2 6 2 2
2 2 2 5 4 18 17 4 2 2 2 2 2 2 1 2 3 2 6 2 2
2 2 2 5 4 18 17 4 2 2 3 2 2 2 1 2 3 2 6 2 2
2 2 2 5 2 18 17 5 2 2 2 2 2 2 1 2 3 2 6 2 2
2 2 2 5 3 18 17 5 2 2 2 2 2 2 1 2 3 2 6 2 2
2 2 3 5 2 18 17 3 2 2 2 2 2 2 1 2 3 2 6 2 2
2 2 3 5 2 18 17 3 2 2 3 2 2 2 1 2 3 2 6 2 2
2 2 3 5 2 18 17 3 2 2 4 2 2 2 1 2 3 2 6 2 2
2 2 3 5 2 18 17 3 2 2 5 2 2 2 1 2 3 2 6 2 2
2 2 3 5 2 18 17 3 2 2 2 2 2 2 1 2 4 2 4 2 2
2 2 3 5 2 18 17 3 2 2 3 2 2 2 1 2 4 2 4 2 2
2 2 3 5 2 18 17 3 2 2 4 2 2 2 1 2 4 2 4 2 2
2 2 2 6 2 18 4 5 2 2 2 2 2 2 1 2 3 2 6 2 2
2 2 2 6 3 18 4 5 2 2 2 2 2 2 1 2 3 2 6 2 2
2 2 2 6 2 18 5 4 2 2 2 2 2 2 1 2 3 2 6 2 2
2 2 2 6 2 18 5 4 2 2 3 2 2 2 1 2 3 2 6 2 2
2 2 2 6 3 18 5 4 2 2 2 2 2 2 1 2 3 2 6 2 2
2 2 2 6 3 18 5 4 2 2 3 2 2 2 1 2 3 2 6 2 2
2 2 2 6 4 18 5 4 2 2 2 2 2 2 1 2 3 2 6 2 2
2 2 2 6 4 18 5 4 2 2 3 2 2 2 1 2 3 2 6 2 2
2 2 2 6 2 18 5 5 2 2 2 2 2 2 1 2 3 2 6 2 2
2 2 2 6 3 18 5 5 2 2 2 2 2 2 1 2 3 2 6 2 2
2 2 2 6 2 18 6 4 2 2 2 2 2 2 1 2 3 2 6 2 2
2 2 2 6 2 18 6 4 2 2 3 2 2 2 1 2 3 2 6 2 2
2 2 2 6 3 18 6 4 2 2 2 2 2 2 1 2 3 2 6 2 2
2 2 2 6 3 18 6 4 2 2 3 2 2 2 1 2 3 2 6 2 2
2 2 2 6 4 18 6 4 2 2 2 2 2 2 1 2 3 2 6 2 2
2 2 2 6 4 18 6 4 2 2 3 2 2 2 1 2 3 2 6 2 2
2 2 2 6 2 18 6 5 2 2 2 2 2 2 1 2 3 2 6 2 2
2 2 2 6 3 18 6 5 2 2 2 2 2 2 1 2 3 2 6 2 2
2 2 2 6 2 18 17 3 2 2 2 2 2 2 1 2 3 2 6 2 2
2 2 2 6 2 18 17 3 2 2 3 2 2 2 1 2 3 2 6 2 2
2 2 2 6 2 18 17 3 2 2 4 2 2 2 1 2 3 2 6 2 2
2 2 2 6 2 18 17 3 2 2 5 2 2 2 1 2 3 2 6 2 2
2 2 2 6 2 18 17 3 2 2 2 2 2 2 1 2 4 2 4 2 2
2 2 2 6 2 18 17 3 2 2 3 2 2 2 1 2 4 2 4 2 2
2 2 2 6 2 18 17 3 2 2 4 2 2 2 1 2 4 2 4 2 2
2 2 2 6 3 18 17 3 2 2 2 2 2 2 1 2 3 2 6 2 2
2 2 2 6 3 18 17 3 2 2 3 2 2 2 1 2 3 2 6 2 2
2 2 2 6 3 18 17 3 2 2 4 2 2 2 1 2 3 2 6 2 2
2 2 2 6 3 18 17 3 2 2 5 2 2 2 1 2 3 2 6 2 2
2 2 2 6 3 18 17 3 2 2 2 2 2 2 1 2 4 2 4 2 2
2 2 2 6 3 18 17 3 2 2 3 2 2 2 1 2 4 2 4 2 2
2 2 2 6 3 18 17 3 2 2 4 2 2 2 1 2 4 2 4 2 2
2 2 2 6 4 18 17 3 2 2 2 2 2 2 1 2 3 2 6 2 2
2 2 2 6 4 18 17 3 2 2 3 2 2 2 1 2 3 2 6 2 2
2 2 2 6 4 18 17 3 2 2 4 2 2 2 1 2 3 2 6 2 2
2 2 2 6 4 18 17 3 2 2 5 2 2 2 1 2 3 2 6 2 2
2 2 2 6 5 18 17 3 2 2 2 2 2 2 1 2 3 2 6 2 2
2 2 2 6 5 18 17 3 2 2 3 2 2 2 1 2 3 2 6 2 2
2 2 2 6 5 18 17 3 2 2 4 2 2 2 1 2 3 2 6 2 2
2 2 2 6 5 18 17 3 2 2 5 2 2 2 1 2 3 2 6 2 2
2 2 2 6 2 18 17 4 2 2 2 2 2 2 1 2 3 2 6 2 2
2 2 2 6 2 18 17 4 2 2 3 2 2 2 1 2 3 2 6 2 2
2 2 2 6 3 18 17 4 2 2 2 2 2 2 1 2 3 2 6 2 2
2 2 2 6 3 18 17 4 2 2 3 2 2 2 1 2 3 2 6 2 2
2 2 2 6 4 18 17 4 2 2 2 2 2 2 1 2 3 2 6 2 2
2 2 2 6 4 18 17 4 2 2 3 2 2 2 1 2 3 2 6 2 2
2 2 2 6 2 18 17 5 2 2 2 2 2 2 1 2 3 2 6 2 2
2 2 2 6 3 18 17 5 2 2 2 2 2 2 1 2 3 2 6 2 2
2 2 2 17 2 18 4 5 2 2 2 2 2 2 1 2 3 2 6 2 2
2 2 2 17 3 18 4 5 2 2 2 2 2 2 1 2 3 2 6 2 2
2 2 2 17 2 18 5 4 2 2 2 2 2 2 1 2 3 2 6 2 2
2 2 2 17 2 18 5 4 2 2 3 2 2 2 1 2 3 2 6 2 2
2 2 2 17 3 18 5 4 2 2 2 2 2 2 1 2 3 2 6 2 2
2 2 2 17 3 18 5 4 2 2 3 2 2 2 1 2 3 2 6 2 2
2 2 2 17 4 18 5 4 2 2 2 2 2 2 1 2 3 2 6 2 2
2 2 2 17 4 18 5 4 2 2 3 2 2 2 1 2 3 2 6 2 2
2 2 2 17 2 18 5 5 2 2 2 2 2 2 1 2 3 2 6 2 2
2 2 2 17 3 18 5 5 2 2 2 2 2 2 1 2 3 2 6 2 2
2 2 2 17 2 18 6 4 2 2 2 2 2 2 1 2 3 2 6 2 2
2 2 2 17 2 18 6 4 2 2 3 2 2 2 1 2 3 2 6 2 2
2 2 2 17 3 18 6 4 2 2 2 2 2 2 1 2 3 2 6 2 2
2 2 2 17 3 18 6 4 2 2 3 2 2 2 1 2 3 2 6 2 2
2 2 2 17 4 18 6 4 2 2 2 2 2 2 1 2 3 2 6 2 2
2 2 2 17 4 18 6 4 2 2 3 2 2 2 1 2 3 2 6 2 2
2 2 2 17 2 18 6 5 2 2 2 2 2 2 1 2 3 2 6 2 2
2 2 2 17 3 18 6 5 2 2 2 2 2 2 1 2 3 2 6 2 2
2 2 2 17 2 18 27 3 2 2 2 2 2 2 1 2 3 2 6 2 2
2 2 2 17 2 18 27 3 2 2 3 2 2 2 1 2 3 2 6 2 2
2 2 2 17 2 18 27 3 2 2 4 2 2 2 1 2 3 2 6 2 2
2 2 2 17 2 18 27 3 2 2 5 2 2 2 1 2 3 2 6 2 2
2 2 2 17 2 18 27 3 2 2 2 2 2 2 1 2 4 2 4 2 2
2 2 2 17 2 18 27 3 2 2 3 2 2 2 1 2 4 2 4 2 2
2 2 2 17 2 18 27 3 2 2 4 2 2 2 1 2 4 2 4 2 2
2 2 2 17 3 18 27 3 2 2 2 2 2 2 1 2 3 2 6 2 2
2 2 2 17 3 18 27 3 2 2 3 2 2 2 1 2 3 2 6 2 2
2 2 2 17 3 18 27 3 2 2 4 2 2 2 1 2 3 2 6 2 2
2 2 2 17 3 18 27 3 2 2 5 2 2 2 1 2 3 2 6 2 2
2 2 2 17 3 18 27 3 2 2 2 2 2 2 1 2 4 2 4 2 2
2 2 2 17 3 18 27 3 2 2 3 2 2 2 1 2 4 2 4 2 2
2 2 2 17 3 18 27 3 2 2 4 2 2 2 1 2 4 2 4 2 2
2 2 2 17 4 18 27 3 2 2 2 2 2 2 1 2 3 2 6 2 2
2 2 2 17 4 18 27 3 2 2 3 2 2 2 1 2 3 2 6 2 2
2 2 2 17 4 18 27 3 2 2 4 2 2 2 1 2 3 2 6 2 2
2 2 2 17 4 18 27 3 2 2 5 2 2 2 1 2 3 2 6 2 2
2 2 2 17 5 18 27 3 2 2 2 2 2 2 1 2 3 2 6 2 2
2 2 2 17 5 18 27 3 2 2 3 2 2 2 1 2 3 2 6 2 2
2 2 2 17 5 18 27 3 2 2 4 2 2 2 1 2 3 2 6 2 2
2 2 2 17 5 18 27 3 2 2 5 2 2 2 1 2 3 2 6 2 2
2 2 2 17 2 18 27 4 2 2 2 2 2 2 1 2 3 2 6 2 2
2 2 2 17 2 18 27 4 2 2 3 2 2 2 1 2 3 2 6 2 2
2 2 2 17 3 18 27 4 2 2 2 2 2 2 1 2 3 2 6 2 2
2 2 2 17 3 18 27 4 2 2 3 2 2 2 1 2 3 2 6 2 2
2 2 2 17 4 18 27 4 2 2 2 2 2 2 1 2 3 2 6 2 2
2 2 2 17 4 18 27 4 2 2 3 2 2 2 1 2 3 2 6 2 2
2 2 2 17 2 18 27 5 2 2 2 2 2 2 1 2 3 2 6 2 2
2 2 2 17 3 18 27 5 2 2 2 2 2 2 1 2 3 2 6 2 2
2 3 2 3 3 18 4 5 2 2 2 2 2 2 1 3 2 2 6 2 2
2 3 2 3 3 18 5 4 2 2 2 2 2 2 1 3 2 2 6 2 2
2 3 2 3 3 18 5 4 2 2 3 2 2 2 1 3 2 2 6 2 2
2 3 2 3 3 18 5 5 2 2 2 2 2 2 1 3 2 2 6 2 2
2 3 2 4 2 18 4 5 2 2 2 2 2 2 1 2 3 2 6 2 2
2 3 2 4 3 18 4 5 2 2 2 2 2 2 1 2 3 2 6 2 2
