2 2 2 5 2 4 5 2 2 4 2 5 2 2 2 4 2 2 2 2 5
2 2 2 5 2 4 5 2 2 5 2 5 2 2 2 4 2 2 2 2 5
2 2 2 5 2 5 5 2 2 5 2 5 2 2 2 4 2 2 2 2 4
2 2 2 5 2 5 5 2 2 5 2 5 2 2 2 5 2 2 2 2 4
2 2 2 5 2 5 5 2 2 5 2 5 2 2 2 5 2 2 2 2 5
2 2 2 6 2 4 5 2 2 4 2 4 2 2 2 5 2 2 2 2 5
2 2 2 6 2 5 5 2 2 4 2 4 2 2 2 5 2 2 2 2 5
2 2 2 6 2 6 5 2 2 4 2 4 2 2 2 5 2 2 2 2 5
2 2 2 6 2 4 5 2 2 4 2 4 2 2 2 6 2 2 2 2 5
2 2 2 6 2 4 5 2 2 4 2 5 2 2 2 4 2 2 2 2 5
2 2 2 6 2 4 5 2 2 4 2 5 2 2 2 4 2 2 2 2 6
2 2 2 6 2 5 5 2 2 4 2 5 2 2 2 4 2 2 2 2 5
2 2 2 6 2 5 5 2 2 4 2 5 2 2 2 4 2 2 2 2 6
2 2 2 6 2 4 5 2 2 4 2 5 2 2 2 5 2 2 2 2 5
2 2 2 6 2 5 5 2 2 4 2 5 2 2 2 5 2 2 2 2 5
2 2 2 6 2 4 5 2 2 4 2 5 2 2 2 6 2 2 2 2 5
2 2 2 6 2 5 5 2 2 4 2 5 2 2 2 6 2 2 2 2 5
2 2 2 6 2 4 5 2 2 4 2 6 2 2 2 4 2 2 2 2 5
2 2 2 6 2 4 5 2 2 4 2 6 2 2 2 5 2 2 2 2 5
2 2 2 6 2 4 5 2 2 4 2 6 2 2 2 6 2 2 2 2 5
2 2 2 6 2 5 5 2 2 5 2 4 2 2 2 5 2 2 2 2 4
2 2 2 6 2 5 5 2 2 5 2 4 2 2 2 6 2 2 2 2 4
2 2 2 6 2 6 5 2 2 5 2 4 2 2 2 6 2 2 2 2 4
2 2 2 6 2 4 5 2 2 5 2 5 2 2 2 4 2 2 2 2 5
2 2 2 6 2 5 5 2 2 5 2 5 2 2 2 4 2 2 2 2 4
2 2 2 6 2 6 5 2 2 5 2 5 2 2 2 4 2 2 2 2 4
2 2 2 6 2 4 5 2 2 5 2 5 2 2 2 5 2 2 2 2 5
2 2 2 6 2 5 5 2 2 5 2 5 2 2 2 5 2 2 2 2 4
2 2 2 6 2 5 5 2 2 5 2 5 2 2 2 5 2 2 2 2 5
2 2 2 6 2 4 5 2 2 5 2 5 2 2 2 6 2 2 2 2 5
2 2 2 6 2 5 5 2 2 5 2 5 2 2 2 6 2 2 2 2 4
2 2 2 6 2 5 5 2 2 5 2 5 2 2 2 6 2 2 2 2 5
2 2 2 6 2 4 5 2 2 5 2 6 2 2 2 4 2 2 2 2 5
2 2 2 6 2 5 5 2 2 5 2 6 2 2 2 4 2 2 2 2 4
2 2 2 6 2 5 5 2 2 5 2 6 2 2 2 4 2 2 2 2 5
2 2 2 6 2 4 5 2 2 5 2 6 2 2 2 5 2 2 2 2 5
2 2 2 6 2 5 5 2 2 5 2 6 2 2 2 5 2 2 2 2 4
2 2 2 6 2 5 5 2 2 5 2 6 2 2 2 5 2 2 2 2 5
2 2 2 6 2 4 5 2 2 5 2 6 2 2 2 6 2 2 2 2 5
2 2 2 6 2 5 5 2 2 5 2 6 2 2 2 6 2 2 2 2 4
2 2 2 6 2 5 5 2 2 5 2 6 2 2 2 6 2 2 2 2 5
2 2 2 6 2 4 6 2 2 4 2 5 2 2 2 4 2 2 2 2 5
2 2 2 6 2 4 6 2 2 4 2 5 2 2 2 4 2 2 2 2 6
2 2 2 6 2 4 6 2 2 4 2 5 2 2 2 5 2 2 2 2 5
2 2 2 6 2 4 6 2 2 4 2 5 2 2 2 5 2 2 2 2 6
2 2 2 6 2 4 6 2 2 4 2 6 2 2 2 4 2 2 2 2 5
2 2 2 6 2 4 6 2 2 4 2 6 2 2 2 4 2 2 2 2 6
2 2 2 6 2 4 6 2 2 4 2 6 2 2 2 5 2 2 2 2 5
2 2 2 6 2 4 6 2 2 4 2 6 2 2 2 6 2 2 2 2 5
2 2 2 6 2 4 6 2 2 5 2 4 2 2 2 5 2 2 2 2 5
2 2 2 6 2 4 6 2 2 5 2 4 2 2 2 5 2 2 2 2 6
2 2 2 6 2 4 6 2 2 5 2 4 2 2 2 6 2 2 2 2 5
2 2 2 6 2 4 6 2 2 5 2 4 2 2 2 6 2 2 2 2 6
2 2 2 6 2 4 6 2 2 5 2 5 2 2 2 4 2 2 2 2 5
2 2 2 6 2 4 6 2 2 5 2 5 2 2 2 4 2 2 2 2 6
2 2 2 6 2 5 6 2 2 5 2 5 2 2 2 4 2 2 2 2 4
2 2 2 6 2 5 6 2 2 5 2 5 2 2 2 4 2 2 2 2 5
2 2 2 6 2 5 6 2 2 5 2 5 2 2 2 4 2 2 2 2 6
2 2 2 6 2 4 6 2 2 5 2 5 2 2 2 5 2 2 2 2 5
2 2 2 6 2 4 6 2 2 5 2 5 2 2 2 5 2 2 2 2 6
2 2 2 6 2 5 6 2 2 5 2 5 2 2 2 5 2 2 2 2 4
2 2 2 6 2 5 6 2 2 5 2 5 2 2 2 5 2 2 2 2 5
2 2 2 6 2 5 6 2 2 5 2 5 2 2 2 5 2 2 2 2 6
2 2 2 6 2 4 6 2 2 5 2 5 2 2 2 6 2 2 2 2 5
2 2 2 6 2 4 6 2 2 5 2 6 2 2 2 4 2 2 2 2 5
2 2 2 6 2 4 6 2 2 5 2 6 2 2 2 4 2 2 2 2 6
2 2 2 6 2 5 6 2 2 5 2 6 2 2 2 4 2 2 2 2 4
2 2 2 6 2 5 6 2 2 5 2 6 2 2 2 4 2 2 2 2 5
2 2 2 6 2 5 6 2 2 5 2 6 2 2 2 4 2 2 2 2 6
2 2 2 6 2 4 6 2 2 5 2 6 2 2 2 5 2 2 2 2 5
2 2 2 6 2 4 6 2 2 5 2 6 2 2 2 5 2 2 2 2 6
2 2 2 6 2 5 6 2 2 5 2 6 2 2 2 5 2 2 2 2 4
2 2 2 6 2 5 6 2 2 5 2 6 2 2 2 5 2 2 2 2 5
2 2 2 6 2 5 6 2 2 5 2 6 2 2 2 5 2 2 2 2 6
2 2 2 6 2 4 6 2 2 5 2 6 2 2 2 6 2 2 2 2 5
2 2 2 6 2 5 6 2 2 5 2 6 2 2 2 6 2 2 2 2 4
2 2 2 6 2 5 6 2 2 5 2 6 2 2 2 6 2 2 2 2 5
2 2 2 6 2 5 6 2 2 6 2 4 2 2 2 5 2 2 2 2 4
2 2 2 6 2 4 6 2 2 6 2 5 2 2 2 4 2 2 2 2 5
2 2 2 6 2 5 6 2 2 6 2 5 2 2 2 4 2 2 2 2 4
2 2 2 6 2 6 6 2 2 6 2 5 2 2 2 4 2 2 2 2 4
2 2 2 6 2 4 6 2 2 6 2 5 2 2 2 5 2 2 2 2 5
2 2 2 6 2 5 6 2 2 6 2 5 2 2 2 5 2 2 2 2 4
2 2 2 6 2 5 6 2 2 6 2 5 2 2 2 5 2 2 2 2 5
2 2 2 6 2 6 6 2 2 6 2 5 2 2 2 5 2 2 2 2 4
2 2 2 6 2 5 6 2 2 6 2 5 2 2 2 6 2 2 2 2 4
2 2 2 6 2 5 6 2 2 6 2 5 2 2 2 6 2 2 2 2 5
2 2 2 6 2 4 6 2 2 6 2 6 2 2 2 4 2 2 2 2 5
2 2 2 6 2 4 6 2 2 6 2 6 2 2 2 4 2 2 2 2 6
2 2 2 6 2 5 6 2 2 6 2 6 2 2 2 4 2 2 2 2 4
2 2 2 6 2 5 6 2 2 6 2 6 2 2 2 4 2 2 2 2 5
2 2 2 6 2 6 6 2 2 6 2 6 2 2 2 4 2 2 2 2 4
2 2 2 6 2 4 6 2 2 6 2 6 2 2 2 5 2 2 2 2 5
2 2 2 6 2 4 6 2 2 6 2 6 2 2 2 5 2 2 2 2 6
2 2 2 6 2 5 6 2 2 6 2 6 2 2 2 5 2 2 2 2 4
2 2 2 6 2 5 6 2 2 6 2 6 2 2 2 5 2 2 2 2 5
2 2 2 6 2 5 6 2 2 6 2 6 2 2 2 5 2 2 2 2 6
2 2 2 6 2 6 6 2 2 6 2 6 2 2 2 5 2 2 2 2 4
2 2 2 6 2 6 6 2 2 6 2 6 2 2 2 5 2 2 2 2 5
2 2 2 6 2 5 6 2 2 6 2 6 2 2 2 6 2 2 2 2 4
2 2 2 6 2 5 6 2 2 6 2 6 2 2 2 6 2 2 2 2 5
2 2 2 6 2 6 6 2 2 6 2 6 2 2 2 6 2 2 2 2 4
2 2 2 6 2 6 6 2 2 6 2 6 2 2 2 6 2 2 2 2 5
2 2 2 6 2 6 6 2 2 6 2 6 2 2 2 6 2 2 2 2 6
2 2 2 17 2 4 5 2 2 4 2 4 2 2 2 5 2 2 2 2 5
2 2 2 17 2 4 5 2 2 4 2 4 2 2 2 5 2 2 2 2 6
2 2 2 17 2 5 5 2 2 4 2 4 2 2 2 5 2 2 2 2 5
2 2 2 17 2 5 5 2 2 4 2 4 2 2 2 5 2 2 2 2 6
2 2 2 17 2 6 5 2 2 4 2 4 2 2 2 5 2 2 2 2 5
2 2 2 17 2 6 5 2 2 4 2 4 2 2 2 5 2 2 2 2 6
2 2 2 17 2 27 5 2 2 4 2 4 2 2 2 5 2 2 2 2 5
2 2 2 17 2 4 5 2 2 4 2 4 2 2 2 6 2 2 2 2 5
2 2 2 17 2 4 5 2 2 4 2 4 2 2 2 6 2 2 2 2 6
2 2 2 17 2 5 5 2 2 4 2 4 2 2 2 6 2 2 2 2 5
2 2 2 17 2 5 5 2 2 4 2 4 2 2 2 6 2 2 2 2 6
2 2 2 17 2 6 5 2 2 4 2 4 2 2 2 6 2 2 2 2 5
2 2 2 17 2 6 5 2 2 4 2 4 2 2 2 6 2 2 2 2 6
2 2 2 17 2 27 5 2 2 4 2 4 2 2 2 6 2 2 2 2 5
2 2 2 17 2 27 5 2 2 4 2 4 2 2 2 6 2 2 2 2 6
2 2 2 17 2 4 5 2 2 4 2 4 2 2 2 27 2 2 2 2 5
2 2 2 17 2 3 5 2 2 4 2 5 2 2 2 4 2 2 2 2 27
2 2 2 17 2 4 5 2 2 4 2 5 2 2 2 4 2 2 2 2 5
2 2 2 17 2 4 5 2 2 4 2 5 2 2 2 4 2 2 2 2 6
2 2 2 17 2 4 5 2 2 4 2 5 2 2 2 4 2 2 2 2 27
2 2 2 17 2 5 5 2 2 4 2 5 2 2 2 4 2 2 2 2 5
2 2 2 17 2 5 5 2 2 4 2 5 2 2 2 4 2 2 2 2 6
2 2 2 17 2 5 5 2 2 4 2 5 2 2 2 4 2 2 2 2 27
2 2 2 17 2 6 5 2 2 4 2 5 2 2 2 4 2 2 2 2 5
2 2 2 17 2 6 5 2 2 4 2 5 2 2 2 4 2 2 2 2 6
2 2 2 17 2 6 5 2 2 4 2 5 2 2 2 4 2 2 2 2 27
2 2 2 17 2 4 5 2 2 4 2 5 2 2 2 5 2 2 2 2 5
2 2 2 17 2 4 5 2 2 4 2 5 2 2 2 5 2 2 2 2 6
2 2 2 17 2 5 5 2 2 4 2 5 2 2 2 5 2 2 2 2 5
2 2 2 17 2 5 5 2 2 4 2 5 2 2 2 5 2 2 2 2 6
2 2 2 17 2 6 5 2 2 4 2 5 2 2 2 5 2 2 2 2 5
2 2 2 17 2 6 5 2 2 4 2 5 2 2 2 5 2 2 2 2 6
2 2 2 17 2 4 5 2 2 4 2 5 2 2 2 6 2 2 2 2 5
2 2 2 17 2 4 5 2 2 4 2 5 2 2 2 6 2 2 2 2 6
2 2 2 17 2 5 5 2 2 4 2 5 2 2 2 6 2 2 2 2 5
2 2 2 17 2 5 5 2 2 4 2 5 2 2 2 6 2 2 2 2 6
2 2 2 17 2 6 5 2 2 4 2 5 2 2 2 6 2 2 2 2 5
2 2 2 17 2 6 5 2 2 4 2 5 2 2 2 6 2 2 2 2 6
2 2 2 17 2 4 5 2 2 4 2 5 2 2 2 27 2 2 2 2 5
2 2 2 17 2 5 5 2 2 4 2 5 2 2 2 27 2 2 2 2 5
2 2 2 17 2 4 5 2 2 4 2 6 2 2 2 4 2 2 2 2 5
2 2 2 17 2 4 5 2 2 4 2 6 2 2 2 4 2 2 2 2 6
2 2 2 17 2 5 5 2 2 4 2 6 2 2 2 4 2 2 2 2 5
2 2 2 17 2 5 5 2 2 4 2 6 2 2 2 4 2 2 2 2 6
2 2 2 17 2 6 5 2 2 4 2 6 2 2 2 4 2 2 2 2 5
2 2 2 17 2 6 5 2 2 4 2 6 2 2 2 4 2 2 2 2 6
2 2 2 17 2 4 5 2 2 4 2 6 2 2 2 5 2 2 2 2 5
2 2 2 17 2 4 5 2 2 4 2 6 2 2 2 5 2 2 2 2 6
2 2 2 17 2 5 5 2 2 4 2 6 2 2 2 5 2 2 2 2 5
2 2 2 17 2 5 5 2 2 4 2 6 2 2 2 5 2 2 2 2 6
2 2 2 17 2 6 5 2 2 4 2 6 2 2 2 5 2 2 2 2 5
2 2 2 17 2 6 5 2 2 4 2 6 2 2 2 5 2 2 2 2 6
2 2 2 17 2 4 5 2 2 4 2 6 2 2 2 6 2 2 2 2 5
2 2 2 17 2 4 5 2 2 4 2 6 2 2 2 6 2 2 2 2 6
2 2 2 17 2 5 5 2 2 4 2 6 2 2 2 6 2 2 2 2 5
2 2 2 17 2 5 5 2 2 4 2 6 2 2 2 6 2 2 2 2 6
2 2 2 17 2 6 5 2 2 4 2 6 2 2 2 6 2 2 2 2 5
2 2 2 17 2 6 5 2 2 4 2 6 2 2 2 6 2 2 2 2 6
2 2 2 17 2 4 5 2 2 4 2 6 2 2 2 27 2 2 2 2 5
2 2 2 17 2 5 5 2 2 4 2 6 2 2 2 27 2 2 2 2 5
2 2 2 17 2 6 5 2 2 4 2 6 2 2 2 27 2 2 2 2 5
2 2 2 17 2 4 5 2 2 4 2 27 2 2 2 3 2 2 2 2 5
2 2 2 17 2 4 5 2 2 4 2 27 2 2 2 3 2 2 2 3 5
2 2 2 17 2 4 5 2 2 4 2 27 2 2 2 4 2 2 2 2 5
2 2 2 17 2 4 5 2 2 4 2 27 2 2 2 5 2 2 2 2 5
2 2 2 17 2 4 5 2 2 4 2 27 2 2 2 6 2 2 2 2 5
2 2 2 17 2 4 5 2 2 4 2 27 2 2 2 37 2 2 2 2 5
2 2 2 17 2 5 5 2 2 5 2 4 2 2 2 5 2 2 2 2 4
2 2 2 17 2 5 5 2 2 5 2 4 2 2 2 6 2 2 2 2 4
2 2 2 17 2 6 5 2 2 5 2 4 2 2 2 6 2 2 2 2 4
2 2 2 17 2 5 5 2 2 5 2 4 2 2 2 27 2 2 2 2 4
2 2 2 17 2 6 5 2 2 5 2 4 2 2 2 27 2 2 2 2 4
2 2 2 17 2 27 5 2 2 5 2 4 2 2 2 37 2 2 2 2 4
2 2 2 17 2 4 5 2 2 5 2 5 2 2 2 4 2 2 2 2 5
2 2 2 17 2 5 5 2 2 5 2 5 2 2 2 4 2 2 2 2 4
2 2 2 17 2 6 5 2 2 5 2 5 2 2 2 4 2 2 2 2 4
2 2 2 17 2 27 5 2 2 5 2 5 2 2 2 4 2 2 2 2 4
2 2 2 17 2 4 5 2 2 5 2 5 2 2 2 5 2 2 2 2 5
2 2 2 17 2 5 5 2 2 5 2 5 2 2 2 5 2 2 2 2 4
2 2 2 17 2 5 5 2 2 5 2 5 2 2 2 5 2 2 2 2 5
2 2 2 17 2 6 5 2 2 5 2 5 2 2 2 5 2 2 2 2 4
2 2 2 17 2 4 5 2 2 5 2 5 2 2 2 6 2 2 2 2 5
2 2 2 17 2 5 5 2 2 5 2 5 2 2 2 6 2 2 2 2 4
2 2 2 17 2 5 5 2 2 5 2 5 2 2 2 6 2 2 2 2 5
2 2 2 17 2 6 5 2 2 5 2 5 2 2 2 6 2 2 2 2 4
2 2 2 17 2 6 5 2 2 5 2 5 2 2 2 6 2 2 2 2 5
2 2 2 17 2 4 5 2 2 5 2 5 2 2 2 27 2 2 2 2 5
2 2 2 17 2 5 5 2 2 5 2 5 2 2 2 27 2 2 2 2 4
2 2 2 17 2 5 5 2 2 5 2 5 2 2 2 27 2 2 2 2 5
2 2 2 17 2 6 5 2 2 5 2 5 2 2 2 27 2 2 2 2 4
2 2 2 17 2 4 5 2 2 5 2 6 2 2 2 4 2 2 2 2 5
2 2 2 17 2 4 5 2 2 5 2 6 2 2 2 4 2 2 2 2 6
2 2 2 17 2 5 5 2 2 5 2 6 2 2 2 4 2 2 2 2 4
2 2 2 17 2 5 5 2 2 5 2 6 2 2 2 4 2 2 2 2 5
2 2 2 17 2 6 5 2 2 5 2 6 2 2 2 4 2 2 2 2 4
2 2 2 17 2 6 5 2 2 5 2 6 2 2 2 4 2 2 2 2 5
2 2 2 17 2 4 5 2 2 5 2 6 2 2 2 5 2 2 2 2 5
2 2 2 17 2 4 5 2 2 5 2 6 2 2 2 5 2 2 2 2 6
2 2 2 17 2 5 5 2 2 5 2 6 2 2 2 5 2 2 2 2 4
2 2 2 17 2 5 5 2 2 5 2 6 2 2 2 5 2 2 2 2 5
2 2 2 17 2 5 5 2 2 5 2 6 2 2 2 5 2 2 2 2 6
2 2 2 17 2 6 5 2 2 5 2 6 2 2 2 5 2 2 2 2 4
2 2 2 17 2 6 5 2 2 5 2 6 2 2 2 5 2 2 2 2 5
2 2 2 17 2 4 5 2 2 5 2 6 2 2 2 6 2 2 2 2 5
2 2 2 17 2 4 5 2 2 5 2 6 2 2 2 6 2 2 2 2 6
2 2 2 17 2 5 5 2 2 5 2 6 2 2 2 6 2 2 2 2 4
2 2 2 17 2 5 5 2 2 5 2 6 2 2 2 6 2 2 2 2 5
2 2 2 17 2 5 5 2 2 5 2 6 2 2 2 6 2 2 2 2 6
2 2 2 17 2 6 5 2 2 5 2 6 2 2 2 6 2 2 2 2 4
2 2 2 17 2 6 5 2 2 5 2 6 2 2 2 6 2 2 2 2 5
2 2 2 17 2 6 5 2 2 5 2 6 2 2 2 6 2 2 2 2 6
2 2 2 17 2 4 5 2 2 5 2 6 2 2 2 27 2 2 2 2 5
2 2 2 17 2 5 5 2 2 5 2 6 2 2 2 27 2 2 2 2 4
2 2 2 17 2 5 5 2 2 5 2 6 2 2 2 27 2 2 2 2 5
2 2 2 17 2 6 5 2 2 5 2 6 2 2 2 27 2 2 2 2 4
2 2 2 17 2 6 5 2 2 5 2 6 2 2 2 27 2 2 2 2 5
2 2 2 17 2 4 5 2 2 5 2 27 2 2 2 3 2 2 2 2 5
2 2 2 17 2 5 5 2 2 5 2 27 2 2 2 3 2 2 2 2 4
2 2 2 17 2 5 5 2 2 5 2 27 2 2 2 3 2 2 2 2 5
2 2 2 17 2 4 5 2 2 5 2 27 2 2 2 4 2 2 2 2 5
2 2 2 17 2 5 5 2 2 5 2 27 2 2 2 4 2 2 2 2 4
2 2 2 17 2 5 5 2 2 5 2 27 2 2 2 4 2 2 2 2 5
2 2 2 17 2 4 5 2 2 5 2 27 2 2 2 5 2 2 2 2 5
2 2 2 17 2 5 5 2 2 5 2 27 2 2 2 5 2 2 2 2 4
2 2 2 17 2 5 5 2 2 5 2 27 2 2 2 5 2 2 2 2 5
2 2 2 17 2 4 5 2 2 5 2 27 2 2 2 6 2 2 2 2 5
2 2 2 17 2 5 5 2 2 5 2 27 2 2 2 6 2 2 2 2 4
2 2 2 17 2 5 5 2 2 5 2 27 2 2 2 6 2 2 2 2 5
2 2 2 17 2 4 5 2 2 5 2 27 2 2 2 37 2 2 2 2 5
2 2 2 17 2 5 5 2 2 5 2 27 2 2 2 37 2 2 2 2 4
2 2 2 17 2 5 5 2 2 5 2 27 2 2 2 37 2 2 2 2 5
2 2 2 17 2 5 5 3 2 5 2 27 2 2 2 3 2 2 2 2 4
2 2 3 17 2 3 5 2 2 4 2 4 2 2 2 5 2 2 2 2 27
2 2 3 17 2 3 5 2 2 4 3 4 2 2 2 5 2 2 2 2 27
2 2 3 17 2 3 5 2 2 4 2 5 2 2 2 4 2 2 2 2 27
2 2 3 17 2 3 5 2 2 4 3 5 2 2 2 4 2 2 2 2 27
2 2 3 17 2 3 5 2 2 4 2 5 2 2 2 5 2 2 2 2 27
2 2 3 17 2 3 5 2 2 5 2 4 2 2 2 5 2 2 2 2 27
2 2 3 17 2 3 5 2 2 5 3 4 2 2 2 5 2 2 2 2 27
2 2 3 17 2 3 5 2 2 5 2 5 2 2 2 4 2 2 2 2 27
2 2 3 17 2 3 5 2 2 5 3 5 2 2 2 4 2 2 2 2 27
2 2 3 17 2 3 5 2 2 5 2 5 2 2 2 5 2 2 2 2 27
2 2 3 17 2 3 5 2 2 5 3 5 2 2 2 5 2 2 2 2 27
2 2 2 17 2 3 6 2 2 4 2 4 2 2 2 5 2 2 2 2 27
2 2 2 17 2 4 6 2 2 4 2 4 2 2 2 5 2 2 2 2 5
2 2 2 17 2 4 6 2 2 4 2 4 2 2 2 5 2 2 2 2 6
2 2 2 17 2 4 6 2 2 4 2 4 2 2 2 5 2 2 2 2 27
2 2 2 17 2 5 6 2 2 4 2 4 2 2 2 5 2 2 2 2 5
2 2 2 17 2 5 6 2 2 4 2 4 2 2 2 5 2 2 2 2 6
2 2 2 17 2 5 6 2 2 4 2 4 2 2 2 5 2 2 2 2 27
2 2 2 17 2 6 6 2 2 4 2 4 2 2 2 5 2 2 2 2 5
2 2 2 17 2 6 6 2 2 4 2 4 2 2 2 5 2 2 2 2 6
2 2 2 17 2 6 6 2 2 4 2 4 2 2 2 5 2 2 2 2 27
2 2 2 17 2 27 6 2 2 4 2 4 2 2 2 5 2 2 2 2 5
2 2 2 17 2 4 6 2 2 4 2 4 2 2 2 6 2 2 2 2 5
2 2 2 17 2 4 6 2 2 4 2 4 2 2 2 6 2 2 2 2 6
2 2 2 17 2 5 6 2 2 4 2 4 2 2 2 6 2 2 2 2 5
2 2 2 17 2 5 6 2 2 4 2 4 2 2 2 6 2 2 2 2 6
2 2 2 17 2 6 6 2 2 4 2 4 2 2 2 6 2 2 2 2 5
2 2 2 17 2 6 6 2 2 4 2 4 2 2 2 6 2 2 2 2 6
2 2 2 17 2 27 6 2 2 4 2 4 2 2 2 6 2 2 2 2 5
2 2 2 17 2 27 6 2 2 4 2 4 2 2 2 6 2 2 2 2 6
2 2 2 17 2 4 6 2 2 4 2 4 2 2 2 27 2 2 2 2 5
2 2 2 17 2 4 6 2 2 4 2 4 2 2 2 27 2 2 2 2 6
2 2 2 17 2 5 6 2 2 4 2 4 2 2 2 27 2 2 2 2 5
2 2 2 17 2 6 6 2 2 4 2 4 2 2 2 27 2 2 2 2 5
2 2 2 17 2 27 6 2 2 4 2 4 2 2 2 37 2 2 2 2 5
2 2 2 17 2 3 6 2 2 4 2 5 2 2 2 4 2 2 2 2 27
2 2 2 17 2 4 6 2 2 4 2 5 2 2 2 4 2 2 2 2 5
2 2 2 17 2 4 6 2 2 4 2 5 2 2 2 4 2 2 2 2 6
2 2 2 17 2 4 6 2 2 4 2 5 2 2 2 4 2 2 2 2 27
2 2 2 17 2 5 6 2 2 4 2 5 2 2 2 4 2 2 2 2 5
2 2 2 17 2 5 6 2 2 4 2 5 2 2 2 4 2 2 2 2 6
2 2 2 17 2 5 6 2 2 4 2 5 2 2 2 4 2 2 2 2 27
2 2 2 17 2 6 6 2 2 4 2 5 2 2 2 4 2 2 2 2 5
2 2 2 17 2 6 6 2 2 4 2 5 2 2 2 4 2 2 2 2 6
2 2 2 17 2 6 6 2 2 4 2 5 2 2 2 4 2 2 2 2 27
2 2 2 17 2 3 6 2 2 4 2 5 2 2 2 5 2 2 2 2 27
2 2 2 17 2 4 6 2 2 4 2 5 2 2 2 5 2 2 2 2 5
2 2 2 17 2 4 6 2 2 4 2 5 2 2 2 5 2 2 2 2 6
2 2 2 17 2 4 6 2 2 4 2 5 2 2 2 5 2 2 2 2 27
2 2 2 17 2 5 6 2 2 4 2 5 2 2 2 5 2 2 2 2 5
2 2 2 17 2 5 6 2 2 4 2 5 2 2 2 5 2 2 2 2 6
2 2 2 17 2 5 6 2 2 4 2 5 2 2 2 5 2 2 2 2 27
2 2 2 17 2 6 6 2 2 4 2 5 2 2 2 5 2 2 2 2 5
2 2 2 17 2 6 6 2 2 4 2 5 2 2 2 5 2 2 2 2 6
2 2 2 17 2 6 6 2 2 4 2 5 2 2 2 5 2 2 2 2 27
2 2 2 17 2 4 6 2 2 4 2 5 2 2 2 6 2 2 2 2 5
2 2 2 17 2 4 6 2 2 4 2 5 2 2 2 6 2 2 2 2 6
2 2 2 17 2 5 6 2 2 4 2 5 2 2 2 6 2 2 2 2 5
2 2 2 17 2 5 6 2 2 4 2 5 2 2 2 6 2 2 2 2 6
2 2 2 17 2 6 6 2 2 4 2 5 2 2 2 6 2 2 2 2 5
2 2 2 17 2 6 6 2 2 4 2 5 2 2 2 6 2 2 2 2 6
2 2 2 17 2 4 6 2 2 4 2 5 2 2 2 27 2 2 2 2 5
2 2 2 17 2 4 6 2 2 4 2 5 2 2 2 27 2 2 2 2 6
2 2 2 17 2 5 6 2 2 4 2 5 2 2 2 27 2 2 2 2 5
2 2 2 17 2 5 6 2 2 4 2 5 2 2 2 27 2 2 2 2 6
2 2 2 17 2 6 6 2 2 4 2 5 2 2 2 27 2 2 2 2 5
2 2 2 17 2 3 6 2 2 4 2 6 2 2 2 4 2 2 2 2 27
2 2 2 17 2 4 6 2 2 4 2 6 2 2 2 4 2 2 2 2 5
2 2 2 17 2 4 6 2 2 4 2 6 2 2 2 4 2 2 2 2 6
2 2 2 17 2 4 6 2 2 4 2 6 2 2 2 4 2 2 2 2 27
2 2 2 17 2 5 6 2 2 4 2 6 2 2 2 4 2 2 2 2 5
2 2 2 17 2 5 6 2 2 4 2 6 2 2 2 4 2 2 2 2 6
2 2 2 17 2 5 6 2 2 4 2 6 2 2 2 4 2 2 2 2 27
2 2 2 17 2 6 6 2 2 4 2 6 2 2 2 4 2 2 2 2 5
2 2 2 17 2 6 6 2 2 4 2 6 2 2 2 4 2 2 2 2 6
2 2 2 17 2 6 6 2 2 4 2 6 2 2 2 4 2 2 2 2 27
2 2 2 17 2 4 6 2 2 4 2 6 2 2 2 5 2 2 2 2 5
2 2 2 17 2 4 6 2 2 4 2 6 2 2 2 5 2 2 2 2 6
2 2 2 17 2 5 6 2 2 4 2 6 2 2 2 5 2 2 2 2 5
2 2 2 17 2 5 6 2 2 4 2 6 2 2 2 5 2 2 2 2 6
2 2 2 17 2 6 6 2 2 4 2 6 2 2 2 5 2 2 2 2 5
2 2 2 17 2 6 6 2 2 4 2 6 2 2 2 5 2 2 2 2 6
2 2 2 17 2 4 6 2 2 4 2 6 2 2 2 6 2 2 2 2 5
2 2 2 17 2 4 6 2 2 4 2 6 2 2 2 6 2 2 2 2 6
2 2 2 17 2 5 6 2 2 4 2 6 2 2 2 6 2 2 2 2 5
2 2 2 17 2 5 6 2 2 4 2 6 2 2 2 6 2 2 2 2 6
2 2 2 17 2 6 6 2 2 4 2 6 2 2 2 6 2 2 2 2 5
2 2 2 17 2 6 6 2 2 4 2 6 2 2 2 6 2 2 2 2 6
2 2 2 17 2 4 6 2 2 4 2 6 2 2 2 27 2 2 2 2 5
2 2 2 17 2 4 6 2 2 4 2 6 2 2 2 27 2 2 2 2 6
2 2 2 17 2 5 6 2 2 4 2 6 2 2 2 27 2 2 2 2 5
2 2 2 17 2 5 6 2 2 4 2 6 2 2 2 27 2 2 2 2 6
2 2 2 17 2 6 6 2 2 4 2 6 2 2 2 27 2 2 2 2 5
2 2 2 17 2 6 6 2 2 4 2 6 2 2 2 27 2 2 2 2 6
2 2 2 17 2 4 6 2 2 4 2 27 2 2 2 3 2 2 2 2 5
2 2 2 17 2 4 6 2 2 4 2 27 2 2 2 3 2 2 2 2 6
2 2 2 17 2 4 6 2 2 4 2 27 2 2 2 3 2 2 2 3 5
2 2 2 17 2 5 6 2 2 4 2 27 2 2 2 3 2 2 2 2 5
2 2 2 17 2 5 6 2 2 4 2 27 2 2 2 3 2 2 2 3 5
2 2 2 17 2 4 6 2 2 4 2 27 2 2 2 4 2 2 2 2 5
2 2 2 17 2 4 6 2 2 4 2 27 2 2 2 4 2 2 2 2 6
2 2 2 17 2 5 6 2 2 4 2 27 2 2 2 4 2 2 2 2 5
2 2 2 17 2 4 6 2 2 4 2 27 2 2 2 5 2 2 2 2 5
2 2 2 17 2 4 6 2 2 4 2 27 2 2 2 5 2 2 2 2 6
2 2 2 17 2 5 6 2 2 4 2 27 2 2 2 5 2 2 2 2 5
2 2 2 17 2 4 6 2 2 4 2 27 2 2 2 6 2 2 2 2 5
2 2 2 17 2 4 6 2 2 4 2 27 2 2 2 6 2 2 2 2 6
2 2 2 17 2 5 6 2 2 4 2 27 2 2 2 6 2 2 2 2 5
2 2 2 17 2 4 6 2 2 4 2 27 2 2 2 37 2 2 2 2 5
2 2 2 17 2 4 6 2 2 4 2 27 2 2 2 37 2 2 2 2 6
2 2 2 17 2 5 6 2 2 4 2 27 2 2 2 37 2 2 2 2 5
2 2 2 17 2 3 6 2 2 5 2 4 2 2 2 5 2 2 2 2 27
2 2 2 17 2 4 6 2 2 5 2 4 2 2 2 5 2 2 2 2 5
2 2 2 17 2 4 6 2 2 5 2 4 2 2 2 5 2 2 2 2 6
2 2 2 17 2 4 6 2 2 5 2 4 2 2 2 5 2 2 2 2 27
2 2 2 17 2 5 6 2 2 5 2 4 2 2 2 5 2 2 2 2 4
2 2 2 17 2 5 6 2 2 5 2 4 2 2 2 5 2 2 2 2 5
2 2 2 17 2 5 6 2 2 5 2 4 2 2 2 5 2 2 2 2 6
2 2 2 17 2 5 6 2 2 5 2 4 2 2 2 5 2 2 2 2 27
2 2 2 17 2 6 6 2 2 5 2 4 2 2 2 5 2 2 2 2 4
2 2 2 17 2 6 6 2 2 5 2 4 2 2 2 5 2 2 2 2 5
2 2 2 17 2 6 6 2 2 5 2 4 2 2 2 5 2 2 2 2 6
2 2 2 17 2 6 6 2 2 5 2 4 2 2 2 5 2 2 2 2 27
2 2 2 17 2 27 6 2 2 5 2 4 2 2 2 5 2 2 2 2 4
2 2 2 17 2 27 6 2 2 5 2 4 2 2 2 5 2 2 2 2 5
2 2 2 17 2 27 6 2 2 5 2 4 2 2 2 5 2 2 2 2 6
2 2 2 17 2 27 6 2 2 5 2 4 2 2 2 5 2 2 2 2 37
2 2 2 17 2 3 6 2 2 5 2 4 2 2 2 6 2 2 2 2 27
2 2 2 17 2 4 6 2 2 5 2 4 2 2 2 6 2 2 2 2 5
2 2 2 17 2 4 6 2 2 5 2 4 2 2 2 6 2 2 2 2 6
2 2 2 17 2 4 6 2 2 5 2 4 2 2 2 6 2 2 2 2 27
2 2 2 17 2 5 6 2 2 5 2 4 2 2 2 6 2 2 2 2 4
2 2 2 17 2 5 6 2 2 5 2 4 2 2 2 6 2 2 2 2 5
2 2 2 17 2 5 6 2 2 5 2 4 2 2 2 6 2 2 2 2 6
2 2 2 17 2 5 6 2 2 5 2 4 2 2 2 6 2 2 2 2 27
2 2 2 17 2 6 6 2 2 5 2 4 2 2 2 6 2 2 2 2 4
2 2 2 17 2 6 6 2 2 5 2 4 2 2 2 6 2 2 2 2 5
2 2 2 17 2 6 6 2 2 5 2 4 2 2 2 6 2 2 2 2 6
2 2 2 17 2 6 6 2 2 5 2 4 2 2 2 6 2 2 2 2 27
2 2 2 17 2 27 6 2 2 5 2 4 2 2 2 6 2 2 2 2 4
2 2 2 17 2 27 6 2 2 5 2 4 2 2 2 6 2 2 2 2 5
2 2 2 17 2 27 6 2 2 5 2 4 2 2 2 6 2 2 2 2 6
2 2 2 17 2 27 6 2 2 5 2 4 2 2 2 6 2 2 2 2 37
2 2 2 17 2 4 6 2 2 5 2 4 2 2 2 27 2 2 2 2 5
2 2 2 17 2 4 6 2 2 5 2 4 2 2 2 27 2 2 2 2 6
2 2 2 17 2 5 6 2 2 5 2 4 2 2 2 27 2 2 2 2 4
2 2 2 17 2 5 6 2 2 5 2 4 2 2 2 27 2 2 2 2 5
2 2 2 17 2 6 6 2 2 5 2 4 2 2 2 27 2 2 2 2 4
2 2 2 17 2 6 6 2 2 5 2 4 2 2 2 27 2 2 2 2 5
2 2 2 17 2 27 6 2 2 5 2 4 2 2 2 37 2 2 2 2 4
2 2 2 17 2 27 6 2 2 5 2 4 2 2 2 37 2 2 2 2 5
2 2 2 17 2 3 6 2 2 5 2 5 2 2 2 4 2 2 2 2 27
2 2 2 17 2 4 6 2 2 5 2 5 2 2 2 4 2 2 2 2 5
2 2 2 17 2 4 6 2 2 5 2 5 2 2 2 4 2 2 2 2 6
2 2 2 17 2 4 6 2 2 5 2 5 2 2 2 4 2 2 2 2 27
2 2 2 17 2 5 6 2 2 5 2 5 2 2 2 4 2 2 2 2 4
2 2 2 17 2 5 6 2 2 5 2 5 2 2 2 4 2 2 2 2 5
2 2 2 17 2 5 6 2 2 5 2 5 2 2 2 4 2 2 2 2 6
2 2 2 17 2 5 6 2 2 5 2 5 2 2 2 4 2 2 2 2 27
2 2 2 17 2 6 6 2 2 5 2 5 2 2 2 4 2 2 2 2 4
2 2 2 17 2 6 6 2 2 5 2 5 2 2 2 4 2 2 2 2 5
2 2 2 17 2 6 6 2 2 5 2 5 2 2 2 4 2 2 2 2 6
2 2 2 17 2 6 6 2 2 5 2 5 2 2 2 4 2 2 2 2 27
2 2 2 17 2 27 6 2 2 5 2 5 2 2 2 4 2 2 2 2 4
2 2 2 17 2 3 6 2 2 5 2 5 2 2 2 5 2 2 2 2 27
2 2 2 17 2 4 6 2 2 5 2 5 2 2 2 5 2 2 2 2 5
2 2 2 17 2 4 6 2 2 5 2 5 2 2 2 5 2 2 2 2 6
2 2 2 17 2 4 6 2 2 5 2 5 2 2 2 5 2 2 2 2 27
2 2 2 17 2 5 6 2 2 5 2 5 2 2 2 5 2 2 2 2 4
2 2 2 17 2 5 6 2 2 5 2 5 2 2 2 5 2 2 2 2 5
2 2 2 17 2 5 6 2 2 5 2 5 2 2 2 5 2 2 2 2 6
2 2 2 17 2 5 6 2 2 5 2 5 2 2 2 5 2 2 2 2 27
2 2 2 17 2 6 6 2 2 5 2 5 2 2 2 5 2 2 2 2 4
2 2 2 17 2 6 6 2 2 5 2 5 2 2 2 5 2 2 2 2 5
2 2 2 17 2 6 6 2 2 5 2 5 2 2 2 5 2 2 2 2 6
2 2 2 17 2 6 6 2 2 5 2 5 2 2 2 5 2 2 2 2 27
2 2 2 17 2 27 6 2 2 5 2 5 2 2 2 5 2 2 2 2 4
2 2 2 17 2 27 6 2 2 5 2 5 2 2 2 5 2 2 2 2 5
2 2 2 17 2 4 6 2 2 5 2 5 2 2 2 6 2 2 2 2 5
2 2 2 17 2 4 6 2 2 5 2 5 2 2 2 6 2 2 2 2 6
2 2 2 17 2 5 6 2 2 5 2 5 2 2 2 6 2 2 2 2 4
2 2 2 17 2 5 6 2 2 5 2 5 2 2 2 6 2 2 2 2 5
2 2 2 17 2 5 6 2 2 5 2 5 2 2 2 6 2 2 2 2 6
2 2 2 17 2 6 6 2 2 5 2 5 2 2 2 6 2 2 2 2 4
2 2 2 17 2 6 6 2 2 5 2 5 2 2 2 6 2 2 2 2 5
2 2 2 17 2 6 6 2 2 5 2 5 2 2 2 6 2 2 2 2 6
2 2 2 17 2 27 6 2 2 5 2 5 2 2 2 6 2 2 2 2 4
2 2 2 17 2 27 6 2 2 5 2 5 2 2 2 6 2 2 2 2 5
2 2 2 17 2 27 6 2 2 5 2 5 2 2 2 6 2 2 2 2 6
2 2 2 17 2 4 6 2 2 5 2 5 2 2 2 27 2 2 2 2 5
2 2 2 17 2 4 6 2 2 5 2 5 2 2 2 27 2 2 2 2 6
2 2 2 17 2 5 6 2 2 5 2 5 2 2 2 27 2 2 2 2 4
2 2 2 17 2 5 6 2 2 5 2 5 2 2 2 27 2 2 2 2 5
2 2 2 17 2 5 6 2 2 5 2 5 2 2 2 27 2 2 2 2 6
2 2 2 17 2 6 6 2 2 5 2 5 2 2 2 27 2 2 2 2 4
2 2 2 17 2 6 6 2 2 5 2 5 2 2 2 27 2 2 2 2 5
2 2 2 17 2 27 6 2 2 5 2 5 2 2 2 37 2 2 2 2 4
2 2 2 17 2 27 6 2 2 5 2 5 2 2 2 37 2 2 2 2 5
2 2 2 17 2 3 6 2 2 5 2 6 2 2 2 4 2 2 2 2 27
2 2 2 17 2 4 6 2 2 5 2 6 2 2 2 4 2 2 2 2 5
2 2 2 17 2 4 6 2 2 5 2 6 2 2 2 4 2 2 2 2 6
2 2 2 17 2 4 6 2 2 5 2 6 2 2 2 4 2 2 2 2 27
2 2 2 17 2 5 6 2 2 5 2 6 2 2 2 4 2 2 2 2 4
2 2 2 17 2 5 6 2 2 5 2 6 2 2 2 4 2 2 2 2 5
2 2 2 17 2 5 6 2 2 5 2 6 2 2 2 4 2 2 2 2 6
2 2 2 17 2 5 6 2 2 5 2 6 2 2 2 4 2 2 2 2 27
2 2 2 17 2 6 6 2 2 5 2 6 2 2 2 4 2 2 2 2 4
2 2 2 17 2 6 6 2 2 5 2 6 2 2 2 4 2 2 2 2 5
2 2 2 17 2 6 6 2 2 5 2 6 2 2 2 4 2 2 2 2 6
2 2 2 17 2 6 6 2 2 5 2 6 2 2 2 4 2 2 2 2 27
2 2 2 17 2 3 6 2 2 5 2 6 2 2 2 5 2 2 2 2 27
2 2 2 17 2 4 6 2 2 5 2 6 2 2 2 5 2 2 2 2 5
2 2 2 17 2 4 6 2 2 5 2 6 2 2 2 5 2 2 2 2 6
2 2 2 17 2 4 6 2 2 5 2 6 2 2 2 5 2 2 2 2 27
2 2 2 17 2 5 6 2 2 5 2 6 2 2 2 5 2 2 2 2 4
2 2 2 17 2 5 6 2 2 5 2 6 2 2 2 5 2 2 2 2 5
2 2 2 17 2 5 6 2 2 5 2 6 2 2 2 5 2 2 2 2 6
2 2 2 17 2 5 6 2 2 5 2 6 2 2 2 5 2 2 2 2 27
2 2 2 17 2 6 6 2 2 5 2 6 2 2 2 5 2 2 2 2 4
2 2 2 17 2 6 6 2 2 5 2 6 2 2 2 5 2 2 2 2 5
2 2 2 17 2 6 6 2 2 5 2 6 2 2 2 5 2 2 2 2 6
2 2 2 17 2 6 6 2 2 5 2 6 2 2 2 5 2 2 2 2 27
2 2 2 17 2 4 6 2 2 5 2 6 2 2 2 6 2 2 2 2 5
2 2 2 17 2 4 6 2 2 5 2 6 2 2 2 6 2 2 2 2 6
2 2 2 17 2 5 6 2 2 5 2 6 2 2 2 6 2 2 2 2 4
2 2 2 17 2 5 6 2 2 5 2 6 2 2 2 6 2 2 2 2 5
2 2 2 17 2 5 6 2 2 5 2 6 2 2 2 6 2 2 2 2 6
2 2 2 17 2 6 6 2 2 5 2 6 2 2 2 6 2 2 2 2 4
2 2 2 17 2 6 6 2 2 5 2 6 2 2 2 6 2 2 2 2 5
2 2 2 17 2 6 6 2 2 5 2 6 2 2 2 6 2 2 2 2 6
2 2 2 17 2 4 6 2 2 5 2 6 2 2 2 27 2 2 2 2 5
2 2 2 17 2 4 6 2 2 5 2 6 2 2 2 27 2 2 2 2 6
2 2 2 17 2 5 6 2 2 5 2 6 2 2 2 27 2 2 2 2 4
2 2 2 17 2 5 6 2 2 5 2 6 2 2 2 27 2 2 2 2 5
2 2 2 17 2 5 6 2 2 5 2 6 2 2 2 27 2 2 2 2 6
2 2 2 17 2 6 6 2 2 5 2 6 2 2 2 27 2 2 2 2 4
2 2 2 17 2 6 6 2 2 5 2 6 2 2 2 27 2 2 2 2 5
2 2 2 17 2 6 6 2 2 5 2 6 2 2 2 27 2 2 2 2 6
2 2 2 17 2 4 6 2 2 5 2 27 2 2 2 3 2 2 2 2 5
2 2 2 17 2 4 6 2 2 5 2 27 2 2 2 3 2 2 2 2 6
2 2 2 17 2 4 6 2 2 5 2 27 2 2 2 3 2 2 2 3 5
2 2 2 17 2 5 6 2 2 5 2 27 2 2 2 3 2 2 2 2 4
2 2 2 17 2 5 6 2 2 5 2 27 2 2 2 3 2 2 2 2 5
2 2 2 17 2 5 6 2 2 5 2 27 2 2 2 3 2 2 2 2 6
2 2 2 17 2 5 6 2 2 5 2 27 2 2 2 3 2 2 2 3 4
2 2 2 17 2 5 6 2 2 5 2 27 2 2 2 3 2 2 2 3 5
2 2 2 17 2 6 6 2 2 5 2 27 2 2 2 3 2 2 2 2 4
2 2 2 17 2 6 6 2 2 5 2 27 2 2 2 3 2 2 2 2 5
2 2 2 17 2 4 6 2 2 5 2 27 2 2 2 4 2 2 2 2 5
2 2 2 17 2 4 6 2 2 5 2 27 2 2 2 4 2 2 2 2 6
2 2 2 17 2 5 6 2 2 5 2 27 2 2 2 4 2 2 2 2 4
2 2 2 17 2 5 6 2 2 5 2 27 2 2 2 4 2 2 2 2 5
2 2 2 17 2 5 6 2 2 5 2 27 2 2 2 4 2 2 2 2 6
2 2 2 17 2 6 6 2 2 5 2 27 2 2 2 4 2 2 2 2 4
2 2 2 17 2 6 6 2 2 5 2 27 2 2 2 4 2 2 2 2 5
2 2 2 17 2 4 6 2 2 5 2 27 2 2 2 5 2 2 2 2 5
2 2 2 17 2 4 6 2 2 5 2 27 2 2 2 5 2 2 2 2 6
2 2 2 17 2 5 6 2 2 5 2 27 2 2 2 5 2 2 2 2 4
2 2 2 17 2 5 6 2 2 5 2 27 2 2 2 5 2 2 2 2 5
2 2 2 17 2 5 6 2 2 5 2 27 2 2 2 5 2 2 2 2 6
2 2 2 17 2 6 6 2 2 5 2 27 2 2 2 5 2 2 2 2 4
2 2 2 17 2 6 6 2 2 5 2 27 2 2 2 5 2 2 2 2 5
2 2 2 17 2 4 6 2 2 5 2 27 2 2 2 6 2 2 2 2 5
2 2 2 17 2 4 6 2 2 5 2 27 2 2 2 6 2 2 2 2 6
2 2 2 17 2 5 6 2 2 5 2 27 2 2 2 6 2 2 2 2 4
2 2 2 17 2 5 6 2 2 5 2 27 2 2 2 6 2 2 2 2 5
2 2 2 17 2 5 6 2 2 5 2 27 2 2 2 6 2 2 2 2 6
2 2 2 17 2 6 6 2 2 5 2 27 2 2 2 6 2 2 2 2 4
2 2 2 17 2 6 6 2 2 5 2 27 2 2 2 6 2 2 2 2 5
2 2 2 17 2 4 6 2 2 5 2 27 2 2 2 37 2 2 2 2 5
2 2 2 17 2 4 6 2 2 5 2 27 2 2 2 37 2 2 2 2 6
2 2 2 17 2 5 6 2 2 5 2 27 2 2 2 37 2 2 2 2 4
2 2 2 17 2 5 6 2 2 5 2 27 2 2 2 37 2 2 2 2 5
2 2 2 17 2 5 6 2 2 5 2 27 2 2 2 37 2 2 2 2 6
2 2 2 17 2 6 6 2 2 5 2 27 2 2 2 37 2 2 2 2 4
2 2 2 17 2 6 6 2 2 5 2 27 2 2 2 37 2 2 2 2 5
2 2 2 17 2 5 6 2 2 6 2 4 2 2 2 5 2 2 2 2 4
2 2 2 17 2 5 6 2 2 6 2 4 2 2 2 6 2 2 2 2 4
2 2 2 17 2 6 6 2 2 6 2 4 2 2 2 6 2 2 2 2 4
2 2 2 17 2 5 6 2 2 6 2 4 2 2 2 27 2 2 2 2 4
2 2 2 17 2 6 6 2 2 6 2 4 2 2 2 27 2 2 2 2 4
2 2 2 17 2 27 6 2 2 6 2 4 2 2 2 37 2 2 2 2 4
2 2 2 17 2 4 6 2 2 6 2 5 2 2 2 4 2 2 2 2 5
2 2 2 17 2 5 6 2 2 6 2 5 2 2 2 4 2 2 2 2 4
2 2 2 17 2 6 6 2 2 6 2 5 2 2 2 4 2 2 2 2 4
2 2 2 17 2 27 6 2 2 6 2 5 2 2 2 4 2 2 2 2 4
2 2 2 17 2 4 6 2 2 6 2 5 2 2 2 5 2 2 2 2 5
2 2 2 17 2 5 6 2 2 6 2 5 2 2 2 5 2 2 2 2 4
2 2 2 17 2 5 6 2 2 6 2 5 2 2 2 5 2 2 2 2 5
2 2 2 17 2 6 6 2 2 6 2 5 2 2 2 5 2 2 2 2 4
2 2 2 17 2 27 6 2 2 6 2 5 2 2 2 5 2 2 2 2 4
2 2 2 17 2 4 6 2 2 6 2 5 2 2 2 6 2 2 2 2 5
2 2 2 17 2 5 6 2 2 6 2 5 2 2 2 6 2 2 2 2 4
2 2 2 17 2 5 6 2 2 6 2 5 2 2 2 6 2 2 2 2 5
2 2 2 17 2 6 6 2 2 6 2 5 2 2 2 6 2 2 2 2 4
2 2 2 17 2 6 6 2 2 6 2 5 2 2 2 6 2 2 2 2 5
2 2 2 17 2 27 6 2 2 6 2 5 2 2 2 6 2 2 2 2 4
2 2 2 17 2 4 6 2 2 6 2 5 2 2 2 27 2 2 2 2 5
2 2 2 17 2 5 6 2 2 6 2 5 2 2 2 27 2 2 2 2 4
2 2 2 17 2 5 6 2 2 6 2 5 2 2 2 27 2 2 2 2 5
2 2 2 17 2 6 6 2 2 6 2 5 2 2 2 27 2 2 2 2 4
2 2 2 17 2 6 6 2 2 6 2 5 2 2 2 27 2 2 2 2 5
2 2 2 17 2 27 6 2 2 6 2 5 2 2 2 37 2 2 2 2 4
2 2 2 17 2 27 6 2 2 6 2 5 2 2 2 37 2 2 2 2 5
2 2 2 17 2 4 6 2 2 6 2 6 2 2 2 4 2 2 2 2 5
2 2 2 17 2 4 6 2 2 6 2 6 2 2 2 4 2 2 2 2 6
2 2 2 17 2 5 6 2 2 6 2 6 2 2 2 4 2 2 2 2 4
2 2 2 17 2 5 6 2 2 6 2 6 2 2 2 4 2 2 2 2 5
2 2 2 17 2 6 6 2 2 6 2 6 2 2 2 4 2 2 2 2 4
2 2 2 17 2 6 6 2 2 6 2 6 2 2 2 4 2 2 2 2 5
2 2 2 17 2 27 6 2 2 6 2 6 2 2 2 4 2 2 2 2 4
2 2 2 17 2 4 6 2 2 6 2 6 2 2 2 5 2 2 2 2 5
2 2 2 17 2 4 6 2 2 6 2 6 2 2 2 5 2 2 2 2 6
2 2 2 17 2 5 6 2 2 6 2 6 2 2 2 5 2 2 2 2 4
2 2 2 17 2 5 6 2 2 6 2 6 2 2 2 5 2 2 2 2 5
2 2 2 17 2 5 6 2 2 6 2 6 2 2 2 5 2 2 2 2 6
2 2 2 17 2 6 6 2 2 6 2 6 2 2 2 5 2 2 2 2 4
2 2 2 17 2 6 6 2 2 6 2 6 2 2 2 5 2 2 2 2 5
2 2 2 17 2 27 6 2 2 6 2 6 2 2 2 5 2 2 2 2 4
2 2 2 17 2 27 6 2 2 6 2 6 2 2 2 5 2 2 2 2 5
2 2 2 17 2 4 6 2 2 6 2 6 2 2 2 6 2 2 2 2 5
2 2 2 17 2 4 6 2 2 6 2 6 2 2 2 6 2 2 2 2 6
2 2 2 17 2 5 6 2 2 6 2 6 2 2 2 6 2 2 2 2 4
2 2 2 17 2 5 6 2 2 6 2 6 2 2 2 6 2 2 2 2 5
2 2 2 17 2 5 6 2 2 6 2 6 2 2 2 6 2 2 2 2 6
2 2 2 17 2 6 6 2 2 6 2 6 2 2 2 6 2 2 2 2 4
2 2 2 17 2 6 6 2 2 6 2 6 2 2 2 6 2 2 2 2 5
2 2 2 17 2 6 6 2 2 6 2 6 2 2 2 6 2 2 2 2 6
2 2 2 17 2 4 6 2 2 6 2 6 2 2 2 27 2 2 2 2 5
2 2 2 17 2 4 6 2 2 6 2 6 2 2 2 27 2 2 2 2 6
2 2 2 17 2 5 6 2 2 6 2 6 2 2 2 27 2 2 2 2 4
2 2 2 17 2 5 6 2 2 6 2 6 2 2 2 27 2 2 2 2 5
2 2 2 17 2 5 6 2 2 6 2 6 2 2 2 27 2 2 2 2 6
2 2 2 17 2 6 6 2 2 6 2 6 2 2 2 27 2 2 2 2 4
2 2 2 17 2 6 6 2 2 6 2 6 2 2 2 27 2 2 2 2 5
2 2 2 17 2 6 6 2 2 6 2 6 2 2 2 27 2 2 2 2 6
2 2 2 17 2 4 6 2 2 6 2 27 2 2 2 3 2 2 2 2 5
2 2 2 17 2 4 6 2 2 6 2 27 2 2 2 3 2 2 2 2 6
2 2 2 17 2 5 6 2 2 6 2 27 2 2 2 3 2 2 2 2 4
2 2 2 17 2 5 6 2 2 6 2 27 2 2 2 3 2 2 2 2 5
2 2 2 17 2 5 6 2 2 6 2 27 2 2 2 3 2 2 2 2 6
2 2 2 17 2 6 6 2 2 6 2 27 2 2 2 3 2 2 2 2 4
2 2 2 17 2 6 6 2 2 6 2 27 2 2 2 3 2 2 2 2 5
2 2 2 17 2 6 6 2 2 6 2 27 2 2 2 3 2 2 2 2 6
2 2 2 17 2 4 6 2 2 6 2 27 2 2 2 4 2 2 2 2 5
2 2 2 17 2 4 6 2 2 6 2 27 2 2 2 4 2 2 2 2 6
2 2 2 17 2 5 6 2 2 6 2 27 2 2 2 4 2 2 2 2 4
2 2 2 17 2 5 6 2 2 6 2 27 2 2 2 4 2 2 2 2 5
2 2 2 17 2 5 6 2 2 6 2 27 2 2 2 4 2 2 2 2 6
2 2 2 17 2 6 6 2 2 6 2 27 2 2 2 4 2 2 2 2 4
2 2 2 17 2 6 6 2 2 6 2 27 2 2 2 4 2 2 2 2 5
2 2 2 17 2 6 6 2 2 6 2 27 2 2 2 4 2 2 2 2 6
2 2 2 17 2 4 6 2 2 6 2 27 2 2 2 5 2 2 2 2 5
2 2 2 17 2 4 6 2 2 6 2 27 2 2 2 5 2 2 2 2 6
2 2 2 17 2 5 6 2 2 6 2 27 2 2 2 5 2 2 2 2 4
2 2 2 17 2 5 6 2 2 6 2 27 2 2 2 5 2 2 2 2 5
2 2 2 17 2 5 6 2 2 6 2 27 2 2 2 5 2 2 2 2 6
2 2 2 17 2 6 6 2 2 6 2 27 2 2 2 5 2 2 2 2 4
2 2 2 17 2 6 6 2 2 6 2 27 2 2 2 5 2 2 2 2 5
2 2 2 17 2 6 6 2 2 6 2 27 2 2 2 5 2 2 2 2 6
2 2 2 17 2 4 6 2 2 6 2 27 2 2 2 6 2 2 2 2 5
2 2 2 17 2 4 6 2 2 6 2 27 2 2 2 6 2 2 2 2 6
2 2 2 17 2 5 6 2 2 6 2 27 2 2 2 6 2 2 2 2 4
2 2 2 17 2 5 6 2 2 6 2 27 2 2 2 6 2 2 2 2 5
2 2 2 17 2 5 6 2 2 6 2 27 2 2 2 6 2 2 2 2 6
2 2 2 17 2 6 6 2 2 6 2 27 2 2 2 6 2 2 2 2 4
2 2 2 17 2 6 6 2 2 6 2 27 2 2 2 6 2 2 2 2 5
2 2 2 17 2 6 6 2 2 6 2 27 2 2 2 6 2 2 2 2 6
2 2 2 17 2 4 6 2 2 6 2 27 2 2 2 37 2 2 2 2 5
2 2 2 17 2 4 6 2 2 6 2 27 2 2 2 37 2 2 2 2 6
2 2 2 17 2 5 6 2 2 6 2 27 2 2 2 37 2 2 2 2 4
2 2 2 17 2 5 6 2 2 6 2 27 2 2 2 37 2 2 2 2 5
2 2 2 17 2 5 6 2 2 6 2 27 2 2 2 37 2 2 2 2 6
2 2 2 17 2 6 6 2 2 6 2 27 2 2 2 37 2 2 2 2 4
2 2 2 17 2 6 6 2 2 6 2 27 2 2 2 37 2 2 2 2 5
2 2 2 17 2 6 6 2 2 6 2 27 2 2 2 37 2 2 2 2 6
2 2 2 17 2 4 6 3 2 4 2 27 2 2 2 3 2 2 2 2 5
2 2 2 17 2 4 6 3 2 4 2 27 2 2 2 3 2 2 2 3 5
2 2 2 17 2 5 6 3 2 4 2 27 2 2 2 3 2 2 2 2 5
2 2 2 17 2 5 6 3 2 4 2 27 2 2 2 3 2 2 2 3 5
2 2 2 17 2 6 6 3 2 4 2 27 2 2 2 3 2 2 2 2 5
2 2 2 17 2 4 6 3 2 5 2 27 2 2 2 3 2 2 2 2 5
2 2 2 17 2 4 6 3 2 5 2 27 2 2 2 3 2 2 2 3 5
2 2 2 17 2 5 6 3 2 5 2 27 2 2 2 3 2 2 2 2 4
2 2 2 17 2 5 6 3 2 5 2 27 2 2 2 3 2 2 2 2 5
2 2 2 17 2 5 6 3 2 5 2 27 2 2 2 3 2 2 2 3 4
2 2 2 17 2 5 6 3 2 5 2 27 2 2 2 3 2 2 2 3 5
2 2 2 17 2 6 6 3 2 5 2 27 2 2 2 3 2 2 2 2 4
2 2 2 17 2 6 6 3 2 5 2 27 2 2 2 3 2 2 2 2 5
2 2 2 17 2 6 6 3 2 5 2 27 2 2 2 3 2 2 2 3 4
2 2 2 17 2 6 6 3 2 5 2 27 2 2 2 3 2 2 2 3 5
2 2 3 17 2 3 6 2 2 4 2 4 2 2 2 5 2 2 2 2 27
2 2 3 17 2 3 6 2 2 4 2 4 2 2 2 6 2 2 2 2 27
2 2 3 17 2 3 6 2 2 4 2 5 2 2 2 4 2 2 2 2 27
2 2 3 17 2 3 6 2 2 4 2 5 2 2 2 5 2 2 2 2 27
2 2 3 17 2 3 6 2 2 4 2 5 2 2 2 6 2 2 2 2 27
2 2 3 17 2 3 6 2 2 5 2 4 2 2 2 5 2 2 2 2 27
2 2 3 17 2 3 6 2 2 5 2 4 2 2 2 6 2 2 2 2 27
2 2 3 17 2 3 6 2 2 5 2 5 2 2 2 4 2 2 2 2 27
2 2 3 17 2 3 6 2 2 5 2 5 2 2 2 5 2 2 2 2 27
2 2 3 17 2 3 6 2 2 5 2 5 2 2 2 6 2 2 2 2 27
2 2 3 17 2 3 6 2 2 6 2 4 2 2 2 5 2 2 2 2 27
2 2 3 17 2 3 6 2 2 6 2 4 2 2 2 6 2 2 2 2 27
2 2 3 17 2 3 6 2 2 6 2 5 2 2 2 4 2 2 2 2 27
2 2 3 17 2 3 6 2 2 6 2 5 2 2 2 5 2 2 2 2 27
2 2 3 17 2 3 6 2 2 6 2 5 2 2 2 6 2 2 2 2 27
2 2 2 17 2 3 27 2 2 3 2 5 2 2 2 4 2 2 2 2 37
2 2 2 17 2 3 27 2 2 3 2 5 2 2 2 5 2 2 2 2 37
2 2 2 17 2 3 27 2 2 3 2 6 2 2 2 4 2 2 2 2 37
2 2 2 17 2 3 27 2 2 3 2 6 2 2 2 5 2 2 2 2 37
2 2 2 17 2 3 27 2 2 3 2 6 2 2 2 6 2 2 2 2 37
2 2 2 17 2 3 27 2 2 3 2 37 2 2 2 3 2 2 2 2 47
2 2 2 17 2 3 27 2 2 4 2 3 2 2 2 37 2 2 2 2 47
2 2 2 17 2 3 27 2 2 4 2 4 2 2 2 5 2 2 2 2 37
2 2 2 17 2 3 27 2 2 4 2 4 2 2 2 6 2 2 2 2 37
2 2 2 17 2 3 27 2 2 4 2 5 2 2 2 4 2 2 2 2 37
2 2 2 17 2 4 27 2 2 4 2 5 2 2 2 4 2 2 2 2 5
2 2 2 17 2 4 27 2 2 4 2 5 2 2 2 4 2 2 2 2 6
2 2 2 17 2 4 27 2 2 4 2 5 2 2 2 4 2 2 2 2 37
2 2 2 17 2 3 27 2 2 4 2 5 2 2 2 5 2 2 2 2 37
2 2 2 17 2 4 27 2 2 4 2 5 2 2 2 5 2 2 2 2 5
2 2 2 17 2 4 27 2 2 4 2 5 2 2 2 5 2 2 2 2 6
2 2 2 17 2 4 27 2 2 4 2 5 2 2 2 5 2 2 2 2 37
2 2 2 17 2 3 27 2 2 4 2 5 2 2 2 6 2 2 2 2 37
2 2 2 17 2 3 27 2 2 4 2 6 2 2 2 4 2 2 2 2 37
2 2 2 17 2 4 27 2 2 4 2 6 2 2 2 4 2 2 2 2 5
2 2 2 17 2 4 27 2 2 4 2 6 2 2 2 4 2 2 2 2 6
2 2 2 17 2 4 27 2 2 4 2 6 2 2 2 4 2 2 2 2 37
2 2 2 17 2 3 27 2 2 4 2 6 2 2 2 5 2 2 2 2 37
2 2 2 17 2 4 27 2 2 4 2 6 2 2 2 5 2 2 2 2 5
2 2 2 17 2 4 27 2 2 4 2 6 2 2 2 5 2 2 2 2 6
2 2 2 17 2 4 27 2 2 4 2 6 2 2 2 5 2 2 2 2 37
2 2 2 17 2 3 27 2 2 4 2 6 2 2 2 6 2 2 2 2 37
2 2 2 17 2 4 27 2 2 4 2 6 2 2 2 6 2 2 2 2 5
2 2 2 17 2 4 27 2 2 4 2 6 2 2 2 6 2 2 2 2 6
2 2 2 17 2 4 27 2 2 4 2 6 2 2 2 6 2 2 2 2 37
2 2 2 17 2 3 27 2 2 4 2 37 2 2 2 3 2 2 2 2 47
2 2 2 17 2 4 27 2 2 4 2 37 2 2 2 3 2 2 2 2 5
2 2 2 17 2 4 27 2 2 4 2 37 2 2 2 3 2 2 2 2 6
2 2 2 17 2 4 27 2 2 4 2 37 2 2 2 3 2 2 2 2 47
2 2 2 17 2 4 27 2 2 4 2 37 2 2 2 3 2 2 2 3 5
2 2 2 17 2 3 27 2 2 4 2 37 2 2 2 4 2 2 2 2 47
2 2 2 17 2 4 27 2 2 4 2 37 2 2 2 4 2 2 2 2 5
2 2 2 17 2 4 27 2 2 4 2 37 2 2 2 4 2 2 2 2 6
2 2 2 17 2 4 27 2 2 4 2 37 2 2 2 4 2 2 2 2 47
2 2 2 17 2 4 27 2 2 4 2 37 2 2 2 5 2 2 2 2 5
2 2 2 17 2 4 27 2 2 4 2 37 2 2 2 5 2 2 2 2 6
2 2 2 17 2 4 27 2 2 4 2 37 2 2 2 6 2 2 2 2 5
2 2 2 17 2 4 27 2 2 4 2 37 2 2 2 6 2 2 2 2 6
2 2 2 17 2 4 27 2 2 4 2 37 2 2 2 47 2 2 2 2 5
2 2 2 17 2 4 27 2 2 4 2 37 2 2 2 47 2 2 2 2 6
2 2 2 17 2 3 27 2 2 5 2 3 2 2 2 37 2 2 2 2 47
2 2 2 17 2 4 27 2 2 5 2 3 2 2 2 37 2 2 2 2 5
2 2 2 17 2 4 27 2 2 5 2 3 2 2 2 37 2 2 2 2 6
2 2 2 17 2 4 27 2 2 5 2 3 2 3 2 37 2 2 2 2 5
2 2 2 17 2 3 27 2 2 5 2 4 2 2 2 5 2 2 2 2 37
2 2 2 17 2 4 27 2 2 5 2 4 2 2 2 5 2 2 2 2 5
2 2 2 17 2 4 27 2 2 5 2 4 2 2 2 5 2 2 2 2 6
2 2 2 17 2 4 27 2 2 5 2 4 2 2 2 5 2 2 2 2 37
2 2 2 17 2 3 27 2 2 5 2 4 2 2 2 6 2 2 2 2 37
2 2 2 17 2 4 27 2 2 5 2 4 2 2 2 6 2 2 2 2 5
2 2 2 17 2 4 27 2 2 5 2 4 2 2 2 6 2 2 2 2 6
2 2 2 17 2 4 27 2 2 5 2 4 2 2 2 6 2 2 2 2 37
2 2 2 17 2 3 27 2 2 5 2 4 2 2 2 37 2 2 2 2 47
2 2 2 17 2 4 27 2 2 5 2 4 2 2 2 37 2 2 2 2 5
2 2 2 17 2 4 27 2 2 5 2 4 2 2 2 37 2 2 2 2 6
2 2 2 17 2 4 27 2 2 5 2 4 2 2 2 37 2 2 2 2 47
2 2 2 17 2 3 27 2 2 5 2 5 2 2 2 4 2 2 2 2 37
2 2 2 17 2 4 27 2 2 5 2 5 2 2 2 4 2 2 2 2 5
2 2 2 17 2 4 27 2 2 5 2 5 2 2 2 4 2 2 2 2 6
2 2 2 17 2 4 27 2 2 5 2 5 2 2 2 4 2 2 2 2 37
2 2 2 17 2 5 27 2 2 5 2 5 2 2 2 4 2 2 2 2 4
2 2 2 17 2 5 27 2 2 5 2 5 2 2 2 4 2 2 2 2 5
2 2 2 17 2 5 27 2 2 5 2 5 2 2 2 4 2 2 2 2 6
2 2 2 17 2 5 27 2 2 5 2 5 2 2 2 4 2 2 2 2 37
2 2 2 17 2 3 27 2 2 5 2 5 2 2 2 5 2 2 2 2 37
2 2 2 17 2 4 27 2 2 5 2 5 2 2 2 5 2 2 2 2 5
2 2 2 17 2 4 27 2 2 5 2 5 2 2 2 5 2 2 2 2 6
2 2 2 17 2 4 27 2 2 5 2 5 2 2 2 5 2 2 2 2 37
2 2 2 17 2 5 27 2 2 5 2 5 2 2 2 5 2 2 2 2 4
2 2 2 17 2 5 27 2 2 5 2 5 2 2 2 5 2 2 2 2 5
2 2 2 17 2 5 27 2 2 5 2 5 2 2 2 5 2 2 2 2 6
2 2 2 17 2 5 27 2 2 5 2 5 2 2 2 5 2 2 2 2 37
2 2 2 17 2 3 27 2 2 5 2 5 2 2 2 6 2 2 2 2 37
2 2 2 17 2 4 27 2 2 5 2 5 2 2 2 6 2 2 2 2 5
2 2 2 17 2 4 27 2 2 5 2 5 2 2 2 6 2 2 2 2 6
2 2 2 17 2 4 27 2 2 5 2 5 2 2 2 6 2 2 2 2 37
2 2 2 17 2 4 27 2 2 5 2 5 2 2 2 37 2 2 2 2 5
2 2 2 17 2 4 27 2 2 5 2 5 2 2 2 37 2 2 2 2 6
2 2 2 17 2 3 27 2 2 5 2 6 2 2 2 4 2 2 2 2 37
2 2 2 17 2 4 27 2 2 5 2 6 2 2 2 4 2 2 2 2 5
2 2 2 17 2 4 27 2 2 5 2 6 2 2 2 4 2 2 2 2 6
2 2 2 17 2 4 27 2 2 5 2 6 2 2 2 4 2 2 2 2 37
2 2 2 17 2 5 27 2 2 5 2 6 2 2 2 4 2 2 2 2 4
2 2 2 17 2 5 27 2 2 5 2 6 2 2 2 4 2 2 2 2 5
2 2 2 17 2 5 27 2 2 5 2 6 2 2 2 4 2 2 2 2 6
2 2 2 17 2 5 27 2 2 5 2 6 2 2 2 4 2 2 2 2 37
2 2 2 17 2 3 27 2 2 5 2 6 2 2 2 5 2 2 2 2 37
2 2 2 17 2 4 27 2 2 5 2 6 2 2 2 5 2 2 2 2 5
2 2 2 17 2 4 27 2 2 5 2 6 2 2 2 5 2 2 2 2 6
2 2 2 17 2 4 27 2 2 5 2 6 2 2 2 5 2 2 2 2 37
2 2 2 17 2 5 27 2 2 5 2 6 2 2 2 5 2 2 2 2 4
2 2 2 17 2 5 27 2 2 5 2 6 2 2 2 5 2 2 2 2 5
2 2 2 17 2 5 27 2 2 5 2 6 2 2 2 5 2 2 2 2 6
2 2 2 17 2 5 27 2 2 5 2 6 2 2 2 5 2 2 2 2 37
2 2 2 17 2 3 27 2 2 5 2 6 2 2 2 6 2 2 2 2 37
2 2 2 17 2 4 27 2 2 5 2 6 2 2 2 6 2 2 2 2 5
2 2 2 17 2 4 27 2 2 5 2 6 2 2 2 6 2 2 2 2 6
2 2 2 17 2 4 27 2 2 5 2 6 2 2 2 6 2 2 2 2 37
2 2 2 17 2 5 27 2 2 5 2 6 2 2 2 6 2 2 2 2 4
2 2 2 17 2 5 27 2 2 5 2 6 2 2 2 6 2 2 2 2 5
2 2 2 17 2 5 27 2 2 5 2 6 2 2 2 6 2 2 2 2 6
2 2 2 17 2 5 27 2 2 5 2 6 2 2 2 6 2 2 2 2 37
2 2 2 17 2 4 27 2 2 5 2 6 2 2 2 37 2 2 2 2 5
2 2 2 17 2 4 27 2 2 5 2 6 2 2 2 37 2 2 2 2 6
2 2 2 17 2 3 27 2 2 5 2 37 2 2 2 3 2 2 2 2 47
2 2 2 17 2 4 27 2 2 5 2 37 2 2 2 3 2 2 2 2 5
2 2 2 17 2 4 27 2 2 5 2 37 2 2 2 3 2 2 2 2 6
2 2 2 17 2 4 27 2 2 5 2 37 2 2 2 3 2 2 2 2 47
2 2 2 17 2 4 27 2 2 5 2 37 2 2 2 3 2 2 2 3 5
2 2 2 17 2 5 27 2 2 5 2 37 2 2 2 3 2 2 2 2 4
2 2 2 17 2 5 27 2 2 5 2 37 2 2 2 3 2 2 2 2 5
2 2 2 17 2 5 27 2 2 5 2 37 2 2 2 3 2 2 2 2 6
2 2 2 17 2 5 27 2 2 5 2 37 2 2 2 3 2 2 2 2 47
2 2 2 17 2 5 27 2 2 5 2 37 2 2 2 3 2 2 2 3 4
2 2 2 17 2 5 27 2 2 5 2 37 2 2 2 3 2 2 2 3 5
2 2 2 17 2 3 27 2 2 5 2 37 2 2 2 4 2 2 2 2 47
2 2 2 17 2 4 27 2 2 5 2 37 2 2 2 4 2 2 2 2 5
2 2 2 17 2 4 27 2 2 5 2 37 2 2 2 4 2 2 2 2 6
2 2 2 17 2 4 27 2 2 5 2 37 2 2 2 4 2 2 2 2 47
2 2 2 17 2 5 27 2 2 5 2 37 2 2 2 4 2 2 2 2 4
2 2 2 17 2 5 27 2 2 5 2 37 2 2 2 4 2 2 2 2 5
2 2 2 17 2 5 27 2 2 5 2 37 2 2 2 4 2 2 2 2 6
2 2 2 17 2 5 27 2 2 5 2 37 2 2 2 4 2 2 2 2 47
2 2 2 17 2 3 27 2 2 5 2 37 2 2 2 5 2 2 2 2 47
2 2 2 17 2 4 27 2 2 5 2 37 2 2 2 5 2 2 2 2 5
2 2 2 17 2 4 27 2 2 5 2 37 2 2 2 5 2 2 2 2 6
2 2 2 17 2 4 27 2 2 5 2 37 2 2 2 5 2 2 2 2 47
2 2 2 17 2 5 27 2 2 5 2 37 2 2 2 5 2 2 2 2 4
2 2 2 17 2 5 27 2 2 5 2 37 2 2 2 5 2 2 2 2 5
2 2 2 17 2 5 27 2 2 5 2 37 2 2 2 5 2 2 2 2 6
2 2 2 17 2 5 27 2 2 5 2 37 2 2 2 5 2 2 2 2 47
2 2 2 17 2 4 27 2 2 5 2 37 2 2 2 6 2 2 2 2 5
2 2 2 17 2 4 27 2 2 5 2 37 2 2 2 6 2 2 2 2 6
2 2 2 17 2 5 27 2 2 5 2 37 2 2 2 6 2 2 2 2 4
2 2 2 17 2 5 27 2 2 5 2 37 2 2 2 6 2 2 2 2 5
2 2 2 17 2 5 27 2 2 5 2 37 2 2 2 6 2 2 2 2 6
2 2 2 17 2 4 27 2 2 5 2 37 2 2 2 47 2 2 2 2 5
2 2 2 17 2 4 27 2 2 5 2 37 2 2 2 47 2 2 2 2 6
2 2 2 17 2 5 27 2 2 5 2 37 2 2 2 47 2 2 2 2 4
2 2 2 17 2 5 27 2 2 5 2 37 2 2 2 47 2 2 2 2 5
2 2 2 17 2 5 27 2 2 5 2 37 2 2 2 47 2 2 2 2 6
2 2 2 17 2 3 27 2 2 6 2 3 2 2 2 37 2 2 2 2 47
2 2 2 17 2 4 27 2 2 6 2 3 2 2 2 37 2 2 2 2 5
2 2 2 17 2 4 27 2 2 6 2 3 2 2 2 37 2 2 2 2 6
2 2 2 17 2 5 27 2 2 6 2 3 2 2 2 37 2 2 2 2 4
2 2 2 17 2 5 27 2 2 6 2 3 2 2 2 37 2 2 2 2 5
2 2 2 17 2 5 27 2 2 6 2 3 2 2 2 37 2 2 2 2 6
2 2 2 17 2 4 27 2 2 6 2 3 2 3 2 37 2 2 2 2 5
2 2 2 17 2 5 27 2 2 6 2 3 2 3 2 37 2 2 2 2 4
2 2 2 17 2 5 27 2 2 6 2 3 2 3 2 37 2 2 2 2 5
2 2 2 17 2 3 27 2 2 6 2 4 2 2 2 5 2 2 2 2 37
2 2 2 17 2 4 27 2 2 6 2 4 2 2 2 5 2 2 2 2 5
2 2 2 17 2 4 27 2 2 6 2 4 2 2 2 5 2 2 2 2 6
2 2 2 17 2 4 27 2 2 6 2 4 2 2 2 5 2 2 2 2 37
2 2 2 17 2 5 27 2 2 6 2 4 2 2 2 5 2 2 2 2 4
2 2 2 17 2 5 27 2 2 6 2 4 2 2 2 5 2 2 2 2 5
2 2 2 17 2 5 27 2 2 6 2 4 2 2 2 5 2 2 2 2 6
2 2 2 17 2 5 27 2 2 6 2 4 2 2 2 5 2 2 2 2 37
2 2 2 17 2 3 27 2 2 6 2 4 2 2 2 6 2 2 2 2 37
2 2 2 17 2 4 27 2 2 6 2 4 2 2 2 6 2 2 2 2 5
2 2 2 17 2 4 27 2 2 6 2 4 2 2 2 6 2 2 2 2 6
2 2 2 17 2 4 27 2 2 6 2 4 2 2 2 6 2 2 2 2 37
2 2 2 17 2 5 27 2 2 6 2 4 2 2 2 6 2 2 2 2 4
2 2 2 17 2 5 27 2 2 6 2 4 2 2 2 6 2 2 2 2 5
2 2 2 17 2 5 27 2 2 6 2 4 2 2 2 6 2 2 2 2 6
2 2 2 17 2 5 27 2 2 6 2 4 2 2 2 6 2 2 2 2 37
2 2 2 17 2 3 27 2 2 6 2 4 2 2 2 37 2 2 2 2 47
2 2 2 17 2 4 27 2 2 6 2 4 2 2 2 37 2 2 2 2 5
2 2 2 17 2 4 27 2 2 6 2 4 2 2 2 37 2 2 2 2 6
2 2 2 17 2 4 27 2 2 6 2 4 2 2 2 37 2 2 2 2 47
2 2 2 17 2 5 27 2 2 6 2 4 2 2 2 37 2 2 2 2 4
2 2 2 17 2 5 27 2 2 6 2 4 2 2 2 37 2 2 2 2 5
2 2 2 17 2 5 27 2 2 6 2 4 2 2 2 37 2 2 2 2 6
2 2 2 17 2 3 27 2 2 6 2 5 2 2 2 4 2 2 2 2 37
2 2 2 17 2 4 27 2 2 6 2 5 2 2 2 4 2 2 2 2 5
2 2 2 17 2 4 27 2 2 6 2 5 2 2 2 4 2 2 2 2 6
2 2 2 17 2 4 27 2 2 6 2 5 2 2 2 4 2 2 2 2 37
2 2 2 17 2 5 27 2 2 6 2 5 2 2 2 4 2 2 2 2 4
2 2 2 17 2 5 27 2 2 6 2 5 2 2 2 4 2 2 2 2 5
2 2 2 17 2 5 27 2 2 6 2 5 2 2 2 4 2 2 2 2 6
2 2 2 17 2 5 27 2 2 6 2 5 2 2 2 4 2 2 2 2 37
2 2 2 17 2 6 27 2 2 6 2 5 2 2 2 4 2 2 2 2 4
2 2 2 17 2 6 27 2 2 6 2 5 2 2 2 4 2 2 2 2 5
2 2 2 17 2 6 27 2 2 6 2 5 2 2 2 4 2 2 2 2 6
2 2 2 17 2 6 27 2 2 6 2 5 2 2 2 4 2 2 2 2 37
2 2 2 17 2 3 27 2 2 6 2 5 2 2 2 5 2 2 2 2 37
2 2 2 17 2 4 27 2 2 6 2 5 2 2 2 5 2 2 2 2 5
2 2 2 17 2 4 27 2 2 6 2 5 2 2 2 5 2 2 2 2 6
2 2 2 17 2 4 27 2 2 6 2 5 2 2 2 5 2 2 2 2 37
2 2 2 17 2 5 27 2 2 6 2 5 2 2 2 5 2 2 2 2 4
2 2 2 17 2 5 27 2 2 6 2 5 2 2 2 5 2 2 2 2 5
2 2 2 17 2 5 27 2 2 6 2 5 2 2 2 5 2 2 2 2 6
2 2 2 17 2 5 27 2 2 6 2 5 2 2 2 5 2 2 2 2 37
2 2 2 17 2 6 27 2 2 6 2 5 2 2 2 5 2 2 2 2 4
2 2 2 17 2 6 27 2 2 6 2 5 2 2 2 5 2 2 2 2 5
2 2 2 17 2 6 27 2 2 6 2 5 2 2 2 5 2 2 2 2 6
2 2 2 17 2 6 27 2 2 6 2 5 2 2 2 5 2 2 2 2 37
2 2 2 17 2 3 27 2 2 6 2 5 2 2 2 6 2 2 2 2 37
2 2 2 17 2 4 27 2 2 6 2 5 2 2 2 6 2 2 2 2 5
2 2 2 17 2 4 27 2 2 6 2 5 2 2 2 6 2 2 2 2 6
2 2 2 17 2 4 27 2 2 6 2 5 2 2 2 6 2 2 2 2 37
2 2 2 17 2 5 27 2 2 6 2 5 2 2 2 6 2 2 2 2 4
2 2 2 17 2 5 27 2 2 6 2 5 2 2 2 6 2 2 2 2 5
2 2 2 17 2 5 27 2 2 6 2 5 2 2 2 6 2 2 2 2 6
2 2 2 17 2 5 27 2 2 6 2 5 2 2 2 6 2 2 2 2 37
2 2 2 17 2 3 27 2 2 6 2 5 2 2 2 37 2 2 2 2 47
2 2 2 17 2 4 27 2 2 6 2 5 2 2 2 37 2 2 2 2 5
2 2 2 17 2 4 27 2 2 6 2 5 2 2 2 37 2 2 2 2 6
2 2 2 17 2 4 27 2 2 6 2 5 2 2 2 37 2 2 2 2 47
2 2 2 17 2 5 27 2 2 6 2 5 2 2 2 37 2 2 2 2 4
2 2 2 17 2 5 27 2 2 6 2 5 2 2 2 37 2 2 2 2 5
2 2 2 17 2 5 27 2 2 6 2 5 2 2 2 37 2 2 2 2 6
2 2 2 17 2 5 27 2 2 6 2 5 2 2 2 37 2 2 2 2 47
2 2 2 17 2 3 27 2 2 6 2 6 2 2 2 4 2 2 2 2 37
2 2 2 17 2 4 27 2 2 6 2 6 2 2 2 4 2 2 2 2 5
2 2 2 17 2 4 27 2 2 6 2 6 2 2 2 4 2 2 2 2 6
2 2 2 17 2 4 27 2 2 6 2 6 2 2 2 4 2 2 2 2 37
2 2 2 17 2 5 27 2 2 6 2 6 2 2 2 4 2 2 2 2 4
2 2 2 17 2 5 27 2 2 6 2 6 2 2 2 4 2 2 2 2 5
2 2 2 17 2 5 27 2 2 6 2 6 2 2 2 4 2 2 2 2 6
2 2 2 17 2 5 27 2 2 6 2 6 2 2 2 4 2 2 2 2 37
2 2 2 17 2 6 27 2 2 6 2 6 2 2 2 4 2 2 2 2 4
2 2 2 17 2 6 27 2 2 6 2 6 2 2 2 4 2 2 2 2 5
2 2 2 17 2 6 27 2 2 6 2 6 2 2 2 4 2 2 2 2 6
2 2 2 17 2 6 27 2 2 6 2 6 2 2 2 4 2 2 2 2 37
2 2 2 17 2 3 27 2 2 6 2 6 2 2 2 5 2 2 2 2 37
2 2 2 17 2 4 27 2 2 6 2 6 2 2 2 5 2 2 2 2 5
2 2 2 17 2 4 27 2 2 6 2 6 2 2 2 5 2 2 2 2 6
2 2 2 17 2 4 27 2 2 6 2 6 2 2 2 5 2 2 2 2 37
2 2 2 17 2 5 27 2 2 6 2 6 2 2 2 5 2 2 2 2 4
2 2 2 17 2 5 27 2 2 6 2 6 2 2 2 5 2 2 2 2 5
2 2 2 17 2 5 27 2 2 6 2 6 2 2 2 5 2 2 2 2 6
2 2 2 17 2 5 27 2 2 6 2 6 2 2 2 5 2 2 2 2 37
2 2 2 17 2 6 27 2 2 6 2 6 2 2 2 5 2 2 2 2 4
2 2 2 17 2 6 27 2 2 6 2 6 2 2 2 5 2 2 2 2 5
2 2 2 17 2 6 27 2 2 6 2 6 2 2 2 5 2 2 2 2 6
2 2 2 17 2 6 27 2 2 6 2 6 2 2 2 5 2 2 2 2 37
2 2 2 17 2 3 27 2 2 6 2 6 2 2 2 6 2 2 2 2 37
2 2 2 17 2 4 27 2 2 6 2 6 2 2 2 6 2 2 2 2 5
2 2 2 17 2 4 27 2 2 6 2 6 2 2 2 6 2 2 2 2 6
2 2 2 17 2 4 27 2 2 6 2 6 2 2 2 6 2 2 2 2 37
2 2 2 17 2 5 27 2 2 6 2 6 2 2 2 6 2 2 2 2 4
2 2 2 17 2 5 27 2 2 6 2 6 2 2 2 6 2 2 2 2 5
2 2 2 17 2 5 27 2 2 6 2 6 2 2 2 6 2 2 2 2 6
2 2 2 17 2 5 27 2 2 6 2 6 2 2 2 6 2 2 2 2 37
2 2 2 17 2 6 27 2 2 6 2 6 2 2 2 6 2 2 2 2 4
2 2 2 17 2 6 27 2 2 6 2 6 2 2 2 6 2 2 2 2 5
2 2 2 17 2 6 27 2 2 6 2 6 2 2 2 6 2 2 2 2 6
2 2 2 17 2 6 27 2 2 6 2 6 2 2 2 6 2 2 2 2 37
2 2 2 17 2 4 27 2 2 6 2 6 2 2 2 37 2 2 2 2 5
2 2 2 17 2 4 27 2 2 6 2 6 2 2 2 37 2 2 2 2 6
2 2 2 17 2 5 27 2 2 6 2 6 2 2 2 37 2 2 2 2 4
2 2 2 17 2 5 27 2 2 6 2 6 2 2 2 37 2 2 2 2 5
2 2 2 17 2 5 27 2 2 6 2 6 2 2 2 37 2 2 2 2 6
2 2 2 17 2 3 27 2 2 6 2 37 2 2 2 3 2 2 2 2 47
2 2 2 17 2 4 27 2 2 6 2 37 2 2 2 3 2 2 2 2 5
2 2 2 17 2 4 27 2 2 6 2 37 2 2 2 3 2 2 2 2 6
2 2 2 17 2 4 27 2 2 6 2 37 2 2 2 3 2 2 2 2 47
2 2 2 17 2 4 27 2 2 6 2 37 2 2 2 3 2 2 2 3 5
2 2 2 17 2 5 27 2 2 6 2 37 2 2 2 3 2 2 2 2 4
2 2 2 17 2 5 27 2 2 6 2 37 2 2 2 3 2 2 2 2 5
2 2 2 17 2 5 27 2 2 6 2 37 2 2 2 3 2 2 2 2 6
2 2 2 17 2 5 27 2 2 6 2 37 2 2 2 3 2 2 2 2 47
2 2 2 17 2 5 27 2 2 6 2 37 2 2 2 3 2 2 2 3 4
2 2 2 17 2 5 27 2 2 6 2 37 2 2 2 3 2 2 2 3 5
2 2 2 17 2 6 27 2 2 6 2 37 2 2 2 3 2 2 2 2 4
2 2 2 17 2 6 27 2 2 6 2 37 2 2 2 3 2 2 2 2 5
2 2 2 17 2 6 27 2 2 6 2 37 2 2 2 3 2 2 2 2 6
2 2 2 17 2 6 27 2 2 6 2 37 2 2 2 3 2 2 2 2 47
2 2 2 17 2 6 27 2 2 6 2 37 2 2 2 3 2 2 2 3 4
2 2 2 17 2 6 27 2 2 6 2 37 2 2 2 3 2 2 2 3 5
2 2 2 17 2 3 27 2 2 6 2 37 2 2 2 4 2 2 2 2 47
2 2 2 17 2 4 27 2 2 6 2 37 2 2 2 4 2 2 2 2 5
2 2 2 17 2 4 27 2 2 6 2 37 2 2 2 4 2 2 2 2 6
2 2 2 17 2 4 27 2 2 6 2 37 2 2 2 4 2 2 2 2 47
2 2 2 17 2 5 27 2 2 6 2 37 2 2 2 4 2 2 2 2 4
2 2 2 17 2 5 27 2 2 6 2 37 2 2 2 4 2 2 2 2 5
2 2 2 17 2 5 27 2 2 6 2 37 2 2 2 4 2 2 2 2 6
2 2 2 17 2 5 27 2 2 6 2 37 2 2 2 4 2 2 2 2 47
2 2 2 17 2 6 27 2 2 6 2 37 2 2 2 4 2 2 2 2 4
2 2 2 17 2 6 27 2 2 6 2 37 2 2 2 4 2 2 2 2 5
2 2 2 17 2 6 27 2 2 6 2 37 2 2 2 4 2 2 2 2 6
2 2 2 17 2 6 27 2 2 6 2 37 2 2 2 4 2 2 2 2 47
2 2 2 17 2 3 27 2 2 6 2 37 2 2 2 5 2 2 2 2 47
2 2 2 17 2 4 27 2 2 6 2 37 2 2 2 5 2 2 2 2 5
2 2 2 17 2 4 27 2 2 6 2 37 2 2 2 5 2 2 2 2 6
2 2 2 17 2 4 27 2 2 6 2 37 2 2 2 5 2 2 2 2 47
2 2 2 17 2 5 27 2 2 6 2 37 2 2 2 5 2 2 2 2 4
2 2 2 17 2 5 27 2 2 6 2 37 2 2 2 5 2 2 2 2 5
2 2 2 17 2 5 27 2 2 6 2 37 2 2 2 5 2 2 2 2 6
2 2 2 17 2 5 27 2 2 6 2 37 2 2 2 5 2 2 2 2 47
2 2 2 17 2 6 27 2 2 6 2 37 2 2 2 5 2 2 2 2 4
2 2 2 17 2 6 27 2 2 6 2 37 2 2 2 5 2 2 2 2 5
2 2 2 17 2 6 27 2 2 6 2 37 2 2 2 5 2 2 2 2 6
2 2 2 17 2 6 27 2 2 6 2 37 2 2 2 5 2 2 2 2 47
2 2 2 17 2 3 27 2 2 6 2 37 2 2 2 6 2 2 2 2 47
2 2 2 17 2 4 27 2 2 6 2 37 2 2 2 6 2 2 2 2 5
2 2 2 17 2 4 27 2 2 6 2 37 2 2 2 6 2 2 2 2 6
2 2 2 17 2 4 27 2 2 6 2 37 2 2 2 6 2 2 2 2 47
2 2 2 17 2 5 27 2 2 6 2 37 2 2 2 6 2 2 2 2 4
2 2 2 17 2 5 27 2 2 6 2 37 2 2 2 6 2 2 2 2 5
2 2 2 17 2 5 27 2 2 6 2 37 2 2 2 6 2 2 2 2 6
2 2 2 17 2 5 27 2 2 6 2 37 2 2 2 6 2 2 2 2 47
2 2 2 17 2 6 27 2 2 6 2 37 2 2 2 6 2 2 2 2 4
2 2 2 17 2 6 27 2 2 6 2 37 2 2 2 6 2 2 2 2 5
2 2 2 17 2 6 27 2 2 6 2 37 2 2 2 6 2 2 2 2 6
2 2 2 17 2 6 27 2 2 6 2 37 2 2 2 6 2 2 2 2 47
2 2 2 17 2 4 27 2 2 6 2 37 2 2 2 47 2 2 2 2 5
2 2 2 17 2 4 27 2 2 6 2 37 2 2 2 47 2 2 2 2 6
2 2 2 17 2 5 27 2 2 6 2 37 2 2 2 47 2 2 2 2 4
2 2 2 17 2 5 27 2 2 6 2 37 2 2 2 47 2 2 2 2 5
2 2 2 17 2 5 27 2 2 6 2 37 2 2 2 47 2 2 2 2 6
2 2 2 17 2 6 27 2 2 6 2 37 2 2 2 47 2 2 2 2 4
2 2 2 17 2 6 27 2 2 6 2 37 2 2 2 47 2 2 2 2 5
2 2 2 17 2 6 27 2 2 6 2 37 2 2 2 47 2 2 2 2 6
2 2 2 17 2 5 27 2 2 37 2 4 2 2 2 5 2 2 2 2 4
2 2 2 17 2 5 27 2 2 37 2 4 2 2 2 6 2 2 2 2 4
2 2 2 17 2 6 27 2 2 37 2 4 2 2 2 6 2 2 2 2 4
2 2 2 17 2 4 27 2 2 37 2 5 2 2 2 4 2 2 2 2 5
2 2 2 17 2 5 27 2 2 37 2 5 2 2 2 4 2 2 2 2 4
2 2 2 17 2 6 27 2 2 37 2 5 2 2 2 4 2 2 2 2 4
2 2 2 17 2 27 37 2 2 47 2 5 2 2 2 4 2 2 2 2 3
2 2 2 17 2 27 37 2 2 47 2 5 2 2 2 4 2 2 2 2 4
2 2 2 17 2 4 27 2 2 37 2 5 2 2 2 5 2 2 2 2 5
2 2 2 17 2 5 27 2 2 37 2 5 2 2 2 5 2 2 2 2 4
2 2 2 17 2 5 27 2 2 37 2 5 2 2 2 5 2 2 2 2 5
2 2 2 17 2 6 27 2 2 37 2 5 2 2 2 5 2 2 2 2 4
2 2 2 17 2 27 37 2 2 47 2 5 2 2 2 5 2 2 2 2 3
2 2 2 17 2 27 37 2 2 47 2 5 2 2 2 5 2 2 2 2 4
2 2 2 17 2 4 27 2 2 37 2 5 2 2 2 6 2 2 2 2 5
2 2 2 17 2 5 27 2 2 37 2 5 2 2 2 6 2 2 2 2 4
2 2 2 17 2 5 27 2 2 37 2 5 2 2 2 6 2 2 2 2 5
2 2 2 17 2 6 27 2 2 37 2 5 2 2 2 6 2 2 2 2 4
2 2 2 17 2 6 27 2 2 37 2 5 2 2 2 6 2 2 2 2 5
2 2 2 17 2 5 27 2 2 37 2 5 2 2 2 47 2 2 2 2 4
2 2 2 17 2 5 27 2 2 37 2 5 2 2 2 47 2 2 2 2 5
2 2 2 17 2 4 27 2 2 37 2 6 2 2 2 4 2 2 2 2 5
2 2 2 17 2 4 27 2 2 37 2 6 2 2 2 4 2 2 2 2 6
2 2 2 17 2 5 27 2 2 37 2 6 2 2 2 4 2 2 2 2 4
2 2 2 17 2 5 27 2 2 37 2 6 2 2 2 4 2 2 2 2 5
2 2 2 17 2 6 27 2 2 37 2 6 2 2 2 4 2 2 2 2 4
2 2 2 17 2 6 27 2 2 37 2 6 2 2 2 4 2 2 2 2 5
2 2 2 17 2 27 37 2 2 47 2 6 2 2 2 4 2 2 2 2 3
2 2 2 17 2 27 37 2 2 47 2 6 2 2 2 4 2 2 2 2 4
2 2 2 17 2 27 37 2 2 47 2 6 2 2 2 4 2 2 2 2 5
2 2 2 17 2 4 27 2 2 37 2 6 2 2 2 5 2 2 2 2 5
2 2 2 17 2 4 27 2 2 37 2 6 2 2 2 5 2 2 2 2 6
2 2 2 17 2 5 27 2 2 37 2 6 2 2 2 5 2 2 2 2 4
2 2 2 17 2 5 27 2 2 37 2 6 2 2 2 5 2 2 2 2 5
2 2 2 17 2 5 27 2 2 37 2 6 2 2 2 5 2 2 2 2 6
2 2 2 17 2 6 27 2 2 37 2 6 2 2 2 5 2 2 2 2 4
2 2 2 17 2 6 27 2 2 37 2 6 2 2 2 5 2 2 2 2 5
2 2 2 17 2 27 37 2 2 47 2 6 2 2 2 5 2 2 2 2 3
2 2 2 17 2 27 37 2 2 47 2 6 2 2 2 5 2 2 2 2 4
2 2 2 17 2 27 37 2 2 47 2 6 2 2 2 5 2 2 2 2 5
2 2 2 17 2 4 27 2 2 37 2 6 2 2 2 6 2 2 2 2 5
2 2 2 17 2 4 27 2 2 37 2 6 2 2 2 6 2 2 2 2 6
2 2 2 17 2 5 27 2 2 37 2 6 2 2 2 6 2 2 2 2 4
2 2 2 17 2 5 27 2 2 37 2 6 2 2 2 6 2 2 2 2 5
2 2 2 17 2 5 27 2 2 37 2 6 2 2 2 6 2 2 2 2 6
2 2 2 17 2 6 27 2 2 37 2 6 2 2 2 6 2 2 2 2 4
2 2 2 17 2 6 27 2 2 37 2 6 2 2 2 6 2 2 2 2 5
2 2 2 17 2 6 27 2 2 37 2 6 2 2 2 6 2 2 2 2 6
2 2 2 17 2 27 37 2 2 47 2 6 2 2 2 6 2 2 2 2 3
2 2 2 17 2 27 37 2 2 47 2 6 2 2 2 6 2 2 2 2 4
2 2 2 17 2 27 37 2 2 47 2 6 2 2 2 6 2 2 2 2 5
2 2 2 17 2 5 27 2 2 37 2 6 2 2 2 47 2 2 2 2 4
2 2 2 17 2 5 27 2 2 37 2 6 2 2 2 47 2 2 2 2 5
2 2 2 17 2 6 27 2 2 37 2 6 2 2 2 47 2 2 2 2 4
2 2 2 17 2 6 27 2 2 37 2 6 2 2 2 47 2 2 2 2 5
2 2 2 17 2 6 27 2 2 37 2 6 2 2 2 47 2 2 2 2 6
2 2 2 17 2 3 27 2 2 37 2 47 2 2 2 3 2 2 2 2 57
2 2 2 17 2 4 27 2 2 37 2 47 2 2 2 3 2 2 2 2 5
2 2 2 17 2 4 27 2 2 37 2 47 2 2 2 3 2 2 2 2 6
2 2 2 17 2 5 27 2 2 37 2 47 2 2 2 3 2 2 2 2 4
2 2 2 17 2 5 27 2 2 37 2 47 2 2 2 3 2 2 2 2 5
2 2 2 17 2 5 27 2 2 37 2 47 2 2 2 3 2 2 2 2 6
2 2 2 17 2 6 27 2 2 37 2 47 2 2 2 3 2 2 2 2 4
2 2 2 17 2 6 27 2 2 37 2 47 2 2 2 3 2 2 2 2 5
2 2 2 17 2 6 27 2 2 37 2 47 2 2 2 3 2 2 2 2 6
2 2 2 17 2 27 37 2 2 47 2 57 2 2 2 3 2 2 2 2 3
2 2 2 17 2 3 27 2 2 37 2 47 2 2 2 4 2 2 2 2 57
2 2 2 17 2 4 27 2 2 37 2 47 2 2 2 4 2 2 2 2 5
2 2 2 17 2 4 27 2 2 37 2 47 2 2 2 4 2 2 2 2 6
2 2 2 17 2 4 27 2 2 37 2 47 2 2 2 4 2 2 2 2 57
2 2 2 17 2 5 27 2 2 37 2 47 2 2 2 4 2 2 2 2 4
2 2 2 17 2 5 27 2 2 37 2 47 2 2 2 4 2 2 2 2 5
2 2 2 17 2 5 27 2 2 37 2 47 2 2 2 4 2 2 2 2 6
2 2 2 17 2 6 27 2 2 37 2 47 2 2 2 4 2 2 2 2 4
2 2 2 17 2 6 27 2 2 37 2 47 2 2 2 4 2 2 2 2 5
2 2 2 17 2 6 27 2 2 37 2 47 2 2 2 4 2 2 2 2 6
2 2 2 17 2 27 37 2 2 47 2 57 2 2 2 4 2 2 2 2 3
2 2 2 17 2 27 37 2 2 47 2 57 2 2 2 4 2 2 2 2 4
2 2 2 17 2 3 27 2 2 37 2 47 2 2 2 5 2 2 2 2 57
2 2 2 17 2 4 27 2 2 37 2 47 2 2 2 5 2 2 2 2 5
2 2 2 17 2 4 27 2 2 37 2 47 2 2 2 5 2 2 2 2 6
2 2 2 17 2 4 27 2 2 37 2 47 2 2 2 5 2 2 2 2 57
2 2 2 17 2 5 27 2 2 37 2 47 2 2 2 5 2 2 2 2 4
2 2 2 17 2 5 27 2 2 37 2 47 2 2 2 5 2 2 2 2 5
2 2 2 17 2 5 27 2 2 37 2 47 2 2 2 5 2 2 2 2 6
2 2 2 17 2 5 27 2 2 37 2 47 2 2 2 5 2 2 2 2 57
2 2 2 17 2 6 27 2 2 37 2 47 2 2 2 5 2 2 2 2 4
2 2 2 17 2 6 27 2 2 37 2 47 2 2 2 5 2 2 2 2 5
2 2 2 17 2 6 27 2 2 37 2 47 2 2 2 5 2 2 2 2 6
2 2 2 17 2 27 37 2 2 47 2 57 2 2 2 5 2 2 2 2 3
2 2 2 17 2 27 37 2 2 47 2 57 2 2 2 5 2 2 2 2 4
2 2 2 17 2 27 37 2 2 47 2 57 2 2 2 5 2 2 2 2 5
2 2 2 17 2 3 27 2 2 37 2 47 2 2 2 6 2 2 2 2 57
2 2 2 17 2 4 27 2 2 37 2 47 2 2 2 6 2 2 2 2 5
2 2 2 17 2 4 27 2 2 37 2 47 2 2 2 6 2 2 2 2 6
2 2 2 17 2 4 27 2 2 37 2 47 2 2 2 6 2 2 2 2 57
2 2 2 17 2 5 27 2 2 37 2 47 2 2 2 6 2 2 2 2 4
2 2 2 17 2 5 27 2 2 37 2 47 2 2 2 6 2 2 2 2 5
2 2 2 17 2 5 27 2 2 37 2 47 2 2 2 6 2 2 2 2 6
2 2 2 17 2 5 27 2 2 37 2 47 2 2 2 6 2 2 2 2 57
2 2 2 17 2 6 27 2 2 37 2 47 2 2 2 6 2 2 2 2 4
2 2 2 17 2 6 27 2 2 37 2 47 2 2 2 6 2 2 2 2 5
2 2 2 17 2 6 27 2 2 37 2 47 2 2 2 6 2 2 2 2 6
2 2 2 17 2 6 27 2 2 37 2 47 2 2 2 6 2 2 2 2 57
2 2 2 17 2 27 37 2 2 47 2 57 2 2 2 6 2 2 2 2 3
2 2 2 17 2 27 37 2 2 47 2 57 2 2 2 6 2 2 2 2 4
2 2 2 17 2 27 37 2 2 47 2 57 2 2 2 6 2 2 2 2 5
2 2 2 17 2 27 37 2 2 47 2 57 2 2 2 6 2 2 2 2 6
2 2 2 17 2 5 27 2 2 37 2 47 2 2 2 57 2 2 2 2 4
2 2 2 17 2 5 27 2 2 37 2 47 2 2 2 57 2 2 2 2 5
2 2 2 17 2 6 27 2 2 37 2 47 2 2 2 57 2 2 2 2 4
2 2 2 17 2 6 27 2 2 37 2 47 2 2 2 57 2 2 2 2 5
2 2 2 17 2 6 27 2 2 37 2 47 2 2 2 57 2 2 2 2 6
2 2 2 17 2 27 37 2 2 47 2 57 2 2 2 67 2 2 2 2 3
2 2 2 17 2 27 37 2 2 47 2 57 2 2 2 67 2 2 2 2 4
2 2 2 17 2 27 37 2 2 47 2 57 2 2 2 67 2 2 2 2 5
2 2 2 17 2 27 37 2 2 47 2 57 2 2 2 67 2 2 2 2 6
2 2 2 17 2 27 37 2 2 47 2 57 2 2 2 67 2 2 2 2 77
2 2 3 17 2 3 27 2 2 3 2 3 2 2 2 37 2 2 2 2 47
2 2 3 17 2 3 27 2 2 3 2 4 2 2 2 5 2 2 2 2 37
2 2 3 17 2 3 27 2 2 3 2 4 2 2 2 6 2 2 2 2 37
2 2 3 17 2 3 27 2 2 3 2 4 2 2 2 37 2 2 2 2 47
2 2 3 17 2 3 27 2 2 3 2 5 2 2 2 4 2 2 2 2 37
2 2 3 17 2 3 27 2 2 3 2 5 2 2 2 5 2 2 2 2 37
2 2 3 17 2 3 27 2 2 3 2 5 2 2 2 6 2 2 2 2 37
2 2 3 17 2 3 27 2 2 3 2 5 2 2 2 37 2 2 2 2 47
2 2 3 17 2 3 27 2 2 4 2 3 2 2 2 37 2 2 2 2 47
2 2 3 17 2 4 27 2 2 4 2 3 2 2 2 37 2 2 2 2 5
2 2 3 17 2 4 27 2 2 4 2 3 2 2 2 37 2 2 2 2 6
2 2 3 17 2 5 27 2 2 4 2 3 2 2 2 37 2 2 2 2 5
2 2 3 17 2 5 27 2 2 4 2 3 2 2 2 37 2 2 2 2 6
2 2 3 17 2 4 27 2 2 4 2 3 2 3 2 37 2 2 2 2 5
2 2 3 17 2 5 27 2 2 4 2 3 2 3 2 37 2 2 2 2 5
2 2 3 17 2 3 27 2 2 4 2 4 2 2 2 5 2 2 2 2 37
2 2 3 17 2 3 27 2 2 4 2 4 2 2 2 6 2 2 2 2 37
2 2 3 17 2 3 27 2 2 4 2 4 2 2 2 37 2 2 2 2 47
2 2 3 17 2 3 27 2 2 4 2 5 2 2 2 4 2 2 2 2 37
2 2 3 17 2 3 27 2 2 4 2 5 2 2 2 5 2 2 2 2 37
2 2 3 17 2 3 27 2 2 4 2 5 2 2 2 6 2 2 2 2 37
2 2 3 17 2 3 27 2 2 4 2 5 2 2 2 37 2 2 2 2 47
2 2 3 17 2 3 27 2 2 5 2 3 2 2 2 37 2 2 2 2 47
2 2 3 17 2 4 27 2 2 5 2 3 2 2 2 37 2 2 2 2 5
2 2 3 17 2 4 27 2 2 5 2 3 2 2 2 37 2 2 2 2 6
2 2 3 17 2 5 27 2 2 5 2 3 2 2 2 37 2 2 2 2 4
2 2 3 17 2 5 27 2 2 5 2 3 2 2 2 37 2 2 2 2 5
2 2 3 17 2 5 27 2 2 5 2 3 2 2 2 37 2 2 2 2 6
2 2 3 17 2 4 27 2 2 5 2 3 2 3 2 37 2 2 2 2 5
2 2 3 17 2 5 27 2 2 5 2 3 2 3 2 37 2 2 2 2 4
2 2 3 17 2 5 27 2 2 5 2 3 2 3 2 37 2 2 2 2 5
2 2 3 17 2 3 27 2 2 5 2 4 2 2 2 5 2 2 2 2 37
2 2 3 17 2 3 27 2 2 5 2 4 2 2 2 6 2 2 2 2 37
2 2 3 17 2 3 27 2 2 5 2 4 2 2 2 37 2 2 2 2 47
2 2 3 17 2 3 27 2 2 5 2 5 2 2 2 4 2 2 2 2 37
2 2 3 17 2 3 27 2 2 5 2 5 2 2 2 5 2 2 2 2 37
2 2 3 17 2 3 27 2 2 5 2 5 2 2 2 6 2 2 2 2 37
2 2 3 17 2 3 27 2 2 5 2 5 2 2 2 37 2 2 2 2 47
2 2 3 17 2 3 27 2 2 6 2 3 2 2 2 37 2 2 2 2 47
2 2 3 17 2 4 27 2 2 6 2 3 2 2 2 37 2 2 2 2 5
2 2 3 17 2 4 27 2 2 6 2 3 2 2 2 37 2 2 2 2 6
2 2 3 17 2 5 27 2 2 6 2 3 2 2 2 37 2 2 2 2 4
2 2 3 17 2 5 27 2 2 6 2 3 2 2 2 37 2 2 2 2 5
2 2 3 17 2 5 27 2 2 6 2 3 2 2 2 37 2 2 2 2 6
2 2 3 17 2 4 27 2 2 6 2 3 2 3 2 37 2 2 2 2 5
2 2 3 17 2 5 27 2 2 6 2 3 2 3 2 37 2 2 2 2 4
2 2 3 17 2 5 27 2 2 6 2 3 2 3 2 37 2 2 2 2 5
2 2 3 17 2 3 27 2 2 6 2 4 2 2 2 5 2 2 2 2 37
2 2 3 17 2 3 27 2 2 6 2 4 2 2 2 6 2 2 2 2 37
2 2 3 17 2 3 27 2 2 6 2 4 2 2 2 37 2 2 2 2 47
2 2 3 17 2 3 27 2 2 6 2 5 2 2 2 4 2 2 2 2 37
2 2 3 17 2 3 27 2 2 6 2 5 2 2 2 5 2 2 2 2 37
2 2 3 17 2 3 27 2 2 6 2 5 2 2 2 6 2 2 2 2 37
2 2 3 17 2 3 27 2 2 6 2 5 2 2 2 37 2 2 2 2 47
2 2 3 17 2 3 27 2 2 37 2 3 2 2 2 47 2 2 2 2 57
2 2 3 17 2 4 27 2 2 37 2 3 2 2 2 47 2 2 2 2 5
2 2 3 17 2 4 27 2 2 37 2 3 2 2 2 47 2 2 2 2 6
2 2 3 17 2 5 27 2 2 37 2 3 2 2 2 47 2 2 2 2 4
2 2 3 17 2 5 27 2 2 37 2 3 2 2 2 47 2 2 2 2 5
2 2 3 17 2 5 27 2 2 37 2 3 2 2 2 47 2 2 2 2 6
2 2 3 17 2 5 27 2 2 37 2 3 2 3 2 47 2 2 2 2 4
2 2 3 17 2 5 27 2 2 37 2 3 2 3 2 47 2 2 2 2 5
2 2 3 17 2 3 27 2 2 37 2 4 2 2 2 5 2 2 2 2 47
2 2 3 17 2 3 27 2 2 37 2 4 2 2 2 6 2 2 2 2 47
2 2 3 17 2 3 27 2 2 37 2 4 2 2 2 47 2 2 2 2 57
2 2 3 17 2 3 27 2 2 37 2 5 2 2 2 4 2 2 2 2 47
2 2 3 17 2 3 27 2 2 37 2 5 2 2 2 5 2 2 2 2 47
2 2 3 17 2 3 27 2 2 37 2 5 2 2 2 6 2 2 2 2 47
2 2 3 17 2 3 27 2 2 37 2 5 2 2 2 47 2 2 2 2 57
2 2 3 17 2 3 27 3 2 3 2 5 2 2 2 4 2 2 2 2 37
2 2 3 17 2 3 27 3 2 3 2 5 2 2 2 5 2 2 2 2 37
2 2 4 17 2 3 27 2 2 3 2 3 2 2 2 37 2 2 2 2 47
2 2 4 17 2 3 27 2 2 4 2 3 2 2 2 37 2 2 2 2 47
2 2 4 17 2 3 27 2 2 5 2 3 2 2 2 37 2 2 2 2 47
2 2 4 17 2 3 27 2 2 6 2 3 2 2 2 37 2 2 2 2 47
2 2 4 17 2 3 27 2 2 37 2 3 2 2 2 47 2 2 2 2 57
2 2 2 4 2 5 4 2 2 5 2 5 3 2 2 5 2 2 2 2 4
2 2 2 4 2 5 4 2 2 5 2 5 3 2 2 5 2 2 2 2 5
2 2 2 4 2 5 4 2 2 5 2 5 3 2 2 5 2 2 2 2 6
2 2 2 4 2 5 4 2 2 5 2 5 3 2 2 5 2 2 2 2 17
2 2 2 4 2 5 4 2 2 5 2 6 3 2 2 5 2 2 2 2 4
2 2 2 4 2 5 4 2 2 5 2 6 3 2 2 5 2 2 2 2 5
2 2 2 4 2 5 4 2 2 5 2 6 3 2 2 5 2 2 2 2 6
2 2 2 4 2 5 4 2 2 5 2 6 3 2 2 5 2 2 2 2 17
2 2 2 4 2 5 4 2 2 5 2 6 3 2 2 6 2 2 2 2 4
2 2 2 4 2 5 4 2 2 5 2 6 3 2 2 6 2 2 2 2 5
2 2 2 4 2 5 4 2 2 5 2 6 3 2 2 6 2 2 2 2 6
2 2 2 4 2 5 4 2 2 5 2 6 3 2 2 6 2 2 2 2 17
2 2 2 4 2 5 4 2 2 5 2 17 3 2 2 5 2 2 2 2 4
2 2 2 4 2 5 4 2 2 5 2 17 3 2 2 5 2 2 2 2 5
2 2 2 4 2 5 4 2 2 5 2 17 3 2 2 5 2 2 2 2 6
2 2 2 4 2 5 4 2 2 5 2 17 3 2 2 5 2 2 2 2 27
2 2 2 4 2 5 4 2 2 5 2 17 3 2 2 6 2 2 2 2 4
2 2 2 4 2 5 4 2 2 5 2 17 3 2 2 6 2 2 2 2 5
2 2 2 4 2 5 4 2 2 5 2 17 3 2 2 6 2 2 2 2 6
2 2 2 4 2 5 4 2 2 5 2 17 3 2 2 6 2 2 2 2 27
2 2 2 4 2 5 4 2 2 5 2 17 3 2 2 27 2 2 2 2 4
2 2 2 4 2 5 4 2 2 5 2 17 3 2 2 27 2 2 2 2 5
2 2 2 4 2 5 4 2 2 5 2 17 3 2 2 27 2 2 2 2 6
2 2 2 4 2 5 4 2 2 5 2 17 3 2 2 27 2 2 2 2 37
2 2 2 4 2 5 4 2 2 6 2 5 3 2 2 5 2 2 2 2 4
2 2 2 4 2 5 4 2 2 6 2 5 3 2 2 5 2 2 2 2 5
2 2 2 4 2 5 4 2 2 6 2 5 3 2 2 5 2 2 2 2 6
2 2 2 4 2 5 4 2 2 6 2 5 3 2 2 5 2 2 2 2 17
2 2 2 4 2 6 4 2 2 6 2 5 3 2 2 5 2 2 2 2 4
2 2 2 4 2 6 4 2 2 6 2 5 3 2 2 5 2 2 2 2 5
2 2 2 4 2 6 4 2 2 6 2 5 3 2 2 5 2 2 2 2 6
2 2 2 4 2 6 4 2 2 6 2 5 3 2 2 5 2 2 2 2 17
2 2 2 4 2 5 4 2 2 6 2 5 3 2 2 6 2 2 2 2 4
2 2 2 4 2 5 4 2 2 6 2 5 3 2 2 6 2 2 2 2 5
2 2 2 4 2 5 4 2 2 6 2 5 3 2 2 6 2 2 2 2 6
2 2 2 4 2 5 4 2 2 6 2 5 3 2 2 6 2 2 2 2 17
2 2 2 4 2 5 4 2 2 6 2 5 3 2 2 17 2 2 2 2 4
2 2 2 4 2 5 4 2 2 6 2 5 3 2 2 17 2 2 2 2 5
2 2 2 4 2 5 4 2 2 6 2 5 3 2 2 17 2 2 2 2 6
2 2 2 4 2 5 4 2 2 6 2 5 3 2 2 17 2 2 2 2 27
2 2 2 4 2 5 4 2 2 6 2 6 3 2 2 5 2 2 2 2 4
2 2 2 4 2 5 4 2 2 6 2 6 3 2 2 5 2 2 2 2 5
2 2 2 4 2 5 4 2 2 6 2 6 3 2 2 5 2 2 2 2 6
2 2 2 4 2 5 4 2 2 6 2 6 3 2 2 5 2 2 2 2 17
2 2 2 4 2 6 4 2 2 6 2 6 3 2 2 5 2 2 2 2 4
2 2 2 4 2 6 4 2 2 6 2 6 3 2 2 5 2 2 2 2 5
2 2 2 4 2 6 4 2 2 6 2 6 3 2 2 5 2 2 2 2 6
2 2 2 4 2 6 4 2 2 6 2 6 3 2 2 5 2 2 2 2 17
2 2 2 4 2 5 4 2 2 6 2 6 3 2 2 6 2 2 2 2 4
2 2 2 4 2 5 4 2 2 6 2 6 3 2 2 6 2 2 2 2 5
2 2 2 4 2 5 4 2 2 6 2 6 3 2 2 6 2 2 2 2 6
2 2 2 4 2 5 4 2 2 6 2 6 3 2 2 6 2 2 2 2 17
2 2 2 4 2 6 4 2 2 6 2 6 3 2 2 6 2 2 2 2 4
2 2 2 4 2 6 4 2 2 6 2 6 3 2 2 6 2 2 2 2 5
2 2 2 4 2 6 4 2 2 6 2 6 3 2 2 6 2 2 2 2 6
2 2 2 4 2 6 4 2 2 6 2 6 3 2 2 6 2 2 2 2 17
2 2 2 4 2 5 4 2 2 6 2 6 3 2 2 17 2 2 2 2 4
2 2 2 4 2 5 4 2 2 6 2 6 3 2 2 17 2 2 2 2 5
2 2 2 4 2 5 4 2 2 6 2 6 3 2 2 17 2 2 2 2 6
2 2 2 4 2 5 4 2 2 6 2 6 3 2 2 17 2 2 2 2 27
2 2 2 4 2 5 4 2 2 6 2 17 3 2 2 5 2 2 2 2 4
2 2 2 4 2 5 4 2 2 6 2 17 3 2 2 5 2 2 2 2 5
2 2 2 4 2 5 4 2 2 6 2 17 3 2 2 5 2 2 2 2 6
2 2 2 4 2 5 4 2 2 6 2 17 3 2 2 5 2 2 2 2 27
2 2 2 4 2 6 4 2 2 6 2 17 3 2 2 5 2 2 2 2 4
2 2 2 4 2 6 4 2 2 6 2 17 3 2 2 5 2 2 2 2 5
2 2 2 4 2 6 4 2 2 6 2 17 3 2 2 5 2 2 2 2 6
2 2 2 4 2 6 4 2 2 6 2 17 3 2 2 5 2 2 2 2 27
2 2 2 4 2 5 4 2 2 6 2 17 3 2 2 6 2 2 2 2 4
2 2 2 4 2 5 4 2 2 6 2 17 3 2 2 6 2 2 2 2 5
2 2 2 4 2 5 4 2 2 6 2 17 3 2 2 6 2 2 2 2 6
2 2 2 4 2 5 4 2 2 6 2 17 3 2 2 6 2 2 2 2 27
2 2 2 4 2 6 4 2 2 6 2 17 3 2 2 6 2 2 2 2 4
2 2 2 4 2 6 4 2 2 6 2 17 3 2 2 6 2 2 2 2 5
2 2 2 4 2 6 4 2 2 6 2 17 3 2 2 6 2 2 2 2 6
2 2 2 4 2 6 4 2 2 6 2 17 3 2 2 6 2 2 2 2 27
2 2 2 4 2 5 4 2 2 6 2 17 3 2 2 27 2 2 2 2 4
2 2 2 4 2 5 4 2 2 6 2 17 3 2 2 27 2 2 2 2 5
2 2 2 4 2 5 4 2 2 6 2 17 3 2 2 27 2 2 2 2 6
2 2 2 4 2 5 4 2 2 6 2 17 3 2 2 27 2 2 2 2 37
2 2 2 4 2 6 4 2 2 6 2 17 3 2 2 27 2 2 2 2 4
2 2 2 4 2 6 4 2 2 6 2 17 3 2 2 27 2 2 2 2 5
2 2 2 4 2 6 4 2 2 6 2 17 3 2 2 27 2 2 2 2 6
2 2 2 4 2 6 4 2 2 6 2 17 3 2 2 27 2 2 2 2 37
2 2 2 4 2 5 4 2 2 17 2 5 3 2 2 5 2 2 2 2 4
2 2 2 4 2 5 4 2 2 17 2 5 3 2 2 5 2 2 2 2 5
2 2 2 4 2 5 4 2 2 17 2 5 3 2 2 5 2 2 2 2 6
2 2 2 4 2 5 4 2 2 17 2 5 3 2 2 5 2 2 2 2 27
2 2 2 4 2 6 4 2 2 17 2 5 3 2 2 5 2 2 2 2 4
2 2 2 4 2 6 4 2 2 17 2 5 3 2 2 5 2 2 2 2 5
2 2 2 4 2 6 4 2 2 17 2 5 3 2 2 5 2 2 2 2 6
2 2 2 4 2 6 4 2 2 17 2 5 3 2 2 5 2 2 2 2 27
2 2 2 4 2 17 4 2 2 27 2 5 3 2 2 5 2 2 2 2 3
2 2 2 4 2 17 4 2 2 27 2 5 3 2 2 5 2 2 2 2 4
2 2 2 4 2 17 4 2 2 27 2 5 3 2 2 5 2 2 2 2 5
2 2 2 4 2 17 4 2 2 27 2 5 3 2 2 5 2 2 2 2 6
2 2 2 4 2 17 4 2 2 27 2 5 3 2 2 5 2 2 2 2 37
2 2 2 4 2 5 4 2 2 17 2 5 3 2 2 6 2 2 2 2 4
2 2 2 4 2 5 4 2 2 17 2 5 3 2 2 6 2 2 2 2 5
2 2 2 4 2 5 4 2 2 17 2 5 3 2 2 6 2 2 2 2 6
2 2 2 4 2 5 4 2 2 17 2 5 3 2 2 6 2 2 2 2 27
2 2 2 4 2 6 4 2 2 17 2 5 3 2 2 6 2 2 2 2 4
2 2 2 4 2 6 4 2 2 17 2 5 3 2 2 6 2 2 2 2 5
2 2 2 4 2 6 4 2 2 17 2 5 3 2 2 6 2 2 2 2 6
2 2 2 4 2 6 4 2 2 17 2 5 3 2 2 6 2 2 2 2 27
2 2 2 4 2 5 4 2 2 17 2 5 3 2 2 27 2 2 2 2 4
2 2 2 4 2 5 4 2 2 17 2 5 3 2 2 27 2 2 2 2 5
2 2 2 4 2 5 4 2 2 17 2 5 3 2 2 27 2 2 2 2 6
2 2 2 4 2 5 4 2 2 17 2 5 3 2 2 27 2 2 2 2 37
2 2 2 4 2 6 4 2 2 17 2 5 3 2 2 27 2 2 2 2 4
2 2 2 4 2 6 4 2 2 17 2 5 3 2 2 27 2 2 2 2 5
2 2 2 4 2 6 4 2 2 17 2 5 3 2 2 27 2 2 2 2 6
2 2 2 4 2 6 4 2 2 17 2 5 3 2 2 27 2 2 2 2 37
2 2 2 4 2 17 4 2 2 27 2 5 3 3 2 5 2 2 2 2 3
2 2 2 4 2 17 4 2 2 27 2 5 3 3 2 5 2 2 2 3 3
2 2 2 4 2 5 4 2 2 17 2 6 3 2 2 5 2 2 2 2 4
2 2 2 4 2 5 4 2 2 17 2 6 3 2 2 5 2 2 2 2 5
2 2 2 4 2 5 4 2 2 17 2 6 3 2 2 5 2 2 2 2 6
2 2 2 4 2 5 4 2 2 17 2 6 3 2 2 5 2 2 2 2 27
2 2 2 4 2 6 4 2 2 17 2 6 3 2 2 5 2 2 2 2 4
2 2 2 4 2 6 4 2 2 17 2 6 3 2 2 5 2 2 2 2 5
2 2 2 4 2 6 4 2 2 17 2 6 3 2 2 5 2 2 2 2 6
2 2 2 4 2 6 4 2 2 17 2 6 3 2 2 5 2 2 2 2 27
2 2 2 4 2 17 4 2 2 27 2 6 3 2 2 5 2 2 2 2 3
2 2 2 4 2 17 4 2 2 27 2 6 3 2 2 5 2 2 2 2 4
2 2 2 4 2 17 4 2 2 27 2 6 3 2 2 5 2 2 2 2 5
2 2 2 4 2 17 4 2 2 27 2 6 3 2 2 5 2 2 2 2 6
2 2 2 4 2 17 4 2 2 27 2 6 3 2 2 5 2 2 2 2 37
2 2 2 4 2 17 4 2 2 27 2 6 3 2 2 5 2 2 2 3 3
2 2 2 4 2 5 4 2 2 17 2 6 3 2 2 6 2 2 2 2 4
2 2 2 4 2 5 4 2 2 17 2 6 3 2 2 6 2 2 2 2 5
2 2 2 4 2 5 4 2 2 17 2 6 3 2 2 6 2 2 2 2 6
2 2 2 4 2 5 4 2 2 17 2 6 3 2 2 6 2 2 2 2 27
2 2 2 4 2 6 4 2 2 17 2 6 3 2 2 6 2 2 2 2 4
2 2 2 4 2 6 4 2 2 17 2 6 3 2 2 6 2 2 2 2 5
2 2 2 4 2 6 4 2 2 17 2 6 3 2 2 6 2 2 2 2 6
2 2 2 4 2 6 4 2 2 17 2 6 3 2 2 6 2 2 2 2 27
2 2 2 4 2 17 4 2 2 27 2 6 3 2 2 6 2 2 2 2 3
2 2 2 4 2 17 4 2 2 27 2 6 3 2 2 6 2 2 2 2 4
2 2 2 4 2 17 4 2 2 27 2 6 3 2 2 6 2 2 2 2 5
2 2 2 4 2 17 4 2 2 27 2 6 3 2 2 6 2 2 2 2 6
2 2 2 4 2 17 4 2 2 27 2 6 3 2 2 6 2 2 2 2 37
2 2 2 4 2 5 4 2 2 17 2 6 3 2 2 27 2 2 2 2 4
2 2 2 4 2 5 4 2 2 17 2 6 3 2 2 27 2 2 2 2 5
2 2 2 4 2 5 4 2 2 17 2 6 3 2 2 27 2 2 2 2 6
2 2 2 4 2 5 4 2 2 17 2 6 3 2 2 27 2 2 2 2 37
2 2 2 4 2 6 4 2 2 17 2 6 3 2 2 27 2 2 2 2 4
2 2 2 4 2 6 4 2 2 17 2 6 3 2 2 27 2 2 2 2 5
2 2 2 4 2 6 4 2 2 17 2 6 3 2 2 27 2 2 2 2 6
2 2 2 4 2 6 4 2 2 17 2 6 3 2 2 27 2 2 2 2 37
2 2 2 4 2 5 4 2 2 17 2 27 3 2 2 5 2 2 2 2 4
2 2 2 4 2 5 4 2 2 17 2 27 3 2 2 5 2 2 2 2 5
2 2 2 4 2 5 4 2 2 17 2 27 3 2 2 5 2 2 2 2 6
2 2 2 4 2 5 4 2 2 17 2 27 3 2 2 5 2 2 2 2 37
2 2 2 4 2 6 4 2 2 17 2 27 3 2 2 5 2 2 2 2 4
2 2 2 4 2 6 4 2 2 17 2 27 3 2 2 5 2 2 2 2 5
2 2 2 4 2 6 4 2 2 17 2 27 3 2 2 5 2 2 2 2 6
2 2 2 4 2 6 4 2 2 17 2 27 3 2 2 5 2 2 2 2 37
2 2 2 4 2 17 4 2 2 27 2 37 3 2 2 5 2 2 2 2 3
2 2 2 4 2 17 4 2 2 27 2 37 3 2 2 5 2 2 2 2 4
2 2 2 4 2 17 4 2 2 27 2 37 3 2 2 5 2 2 2 2 5
2 2 2 4 2 17 4 2 2 27 2 37 3 2 2 5 2 2 2 2 6
2 2 2 4 2 17 4 2 2 27 2 37 3 2 2 5 2 2 2 2 47
2 2 2 4 2 17 4 2 2 27 2 37 3 2 2 5 2 2 2 3 3
2 2 2 4 2 5 4 2 2 17 2 27 3 2 2 6 2 2 2 2 4
2 2 2 4 2 5 4 2 2 17 2 27 3 2 2 6 2 2 2 2 5
2 2 2 4 2 5 4 2 2 17 2 27 3 2 2 6 2 2 2 2 6
2 2 2 4 2 5 4 2 2 17 2 27 3 2 2 6 2 2 2 2 37
2 2 2 4 2 6 4 2 2 17 2 27 3 2 2 6 2 2 2 2 4
2 2 2 4 2 6 4 2 2 17 2 27 3 2 2 6 2 2 2 2 5
2 2 2 4 2 6 4 2 2 17 2 27 3 2 2 6 2 2 2 2 6
2 2 2 4 2 6 4 2 2 17 2 27 3 2 2 6 2 2 2 2 37
2 2 2 4 2 17 4 2 2 27 2 37 3 2 2 6 2 2 2 2 3
2 2 2 4 2 17 4 2 2 27 2 37 3 2 2 6 2 2 2 2 4
2 2 2 4 2 17 4 2 2 27 2 37 3 2 2 6 2 2 2 2 5
2 2 2 4 2 17 4 2 2 27 2 37 3 2 2 6 2 2 2 2 6
2 2 2 4 2 17 4 2 2 27 2 37 3 2 2 6 2 2 2 2 47
2 2 2 4 2 5 4 2 2 17 2 27 3 2 2 37 2 2 2 2 4
2 2 2 4 2 5 4 2 2 17 2 27 3 2 2 37 2 2 2 2 5
2 2 2 4 2 5 4 2 2 17 2 27 3 2 2 37 2 2 2 2 6
2 2 2 4 2 5 4 2 2 17 2 27 3 2 2 37 2 2 2 2 47
2 2 2 4 2 6 4 2 2 17 2 27 3 2 2 37 2 2 2 2 4
2 2 2 4 2 6 4 2 2 17 2 27 3 2 2 37 2 2 2 2 5
2 2 2 4 2 6 4 2 2 17 2 27 3 2 2 37 2 2 2 2 6
2 2 2 4 2 6 4 2 2 17 2 27 3 2 2 37 2 2 2 2 47
2 2 2 4 2 17 4 2 2 27 2 37 3 2 2 47 2 2 2 2 3
2 2 2 4 2 17 4 2 2 27 2 37 3 2 2 47 2 2 2 2 4
2 2 2 4 2 17 4 2 2 27 2 37 3 2 2 47 2 2 2 2 5
2 2 2 4 2 17 4 2 2 27 2 37 3 2 2 47 2 2 2 2 6
2 2 2 4 2 17 4 2 2 27 2 37 3 2 2 47 2 2 2 2 57
2 2 3 4 2 4 4 3 2 5 2 4 3 2 2 3 2 2 2 3 5
