2 2 2 2 18 28 3 3 2 2 38 2 4 3 2 3 3 2 2 2 2
2 2 2 2 18 28 4 2 2 2 38 3 2 2 2 5 2 2 3 2 2
2 2 2 2 18 28 4 2 2 2 38 3 2 2 2 5 3 2 2 2 2
2 2 2 2 18 28 4 2 2 3 38 3 2 2 2 5 2 2 3 2 2
2 2 2 2 18 28 4 2 2 2 38 3 2 3 2 5 2 2 3 2 2
2 2 2 2 18 28 5 2 2 2 38 3 2 2 2 5 2 2 3 2 2
2 2 2 2 18 28 5 2 2 2 38 3 2 2 2 5 3 2 2 2 2
2 3 2 2 18 28 2 3 2 2 38 2 3 4 2 5 2 2 2 2 2
2 3 2 2 18 28 2 3 2 2 38 2 3 5 2 5 2 2 2 2 2
2 3 2 2 18 28 2 3 2 3 38 2 3 4 2 5 2 2 2 2 2
2 3 2 2 18 28 2 3 2 2 38 3 2 4 2 5 2 2 2 2 2
2 3 2 2 18 28 2 3 2 2 38 3 2 5 2 5 2 2 2 2 2
2 3 2 2 18 28 2 3 3 2 38 4 3 2 2 2 3 2 3 2 2
2 3 2 2 18 28 2 3 3 2 38 4 3 2 3 2 3 2 3 2 2
2 3 2 2 18 28 3 3 2 2 38 2 3 3 2 4 3 2 2 2 2
2 3 2 2 18 28 3 3 2 2 38 2 3 3 3 4 3 2 2 2 2
2 3 2 2 18 28 3 3 2 2 38 2 3 3 2 4 3 2 2 3 2
2 3 2 2 18 28 3 3 2 2 38 2 3 4 2 5 2 2 2 2 2
3 2 2 2 18 28 3 2 2 2 38 5 2 2 2 3 2 2 4 2 2
3 2 2 2 18 28 3 2 2 2 38 5 2 2 2 3 2 2 5 2 2
3 2 2 2 18 28 3 2 2 3 38 5 2 2 2 3 2 2 4 2 2
3 2 2 2 18 28 3 2 2 2 38 5 3 2 2 2 2 2 4 2 2
3 2 2 2 18 28 3 2 2 2 38 5 3 2 2 2 2 2 5 2 2
3 2 2 2 18 28 3 3 2 2 38 2 4 3 2 3 3 2 2 2 2
3 2 2 2 18 28 3 3 2 2 38 2 4 3 2 3 3 2 2 2 3
3 2 2 2 18 28 3 3 2 2 38 2 4 3 2 3 3 3 2 2 2
3 2 2 2 18 28 3 3 2 2 38 2 4 3 2 3 3 2 2 3 2
3 2 2 2 18 28 3 3 2 2 38 2 5 2 2 3 4 2 2 2 2
3 2 2 2 18 28 4 2 2 2 38 3 2 2 2 5 2 2 3 2 2
3 2 2 2 18 28 4 2 2 2 38 3 2 2 2 5 2 2 3 2 3
3 2 2 2 18 28 4 2 2 2 38 3 2 2 3 5 2 2 3 2 2
3 2 2 2 18 28 4 2 2 2 38 3 2 2 2 5 3 2 2 2 2
3 2 2 2 18 28 4 2 2 2 38 3 2 2 2 5 3 2 2 2 3
3 2 2 2 18 28 4 2 2 2 38 3 2 2 3 5 3 2 2 2 2
3 2 2 2 18 28 4 2 2 3 38 3 2 2 2 5 2 2 3 2 2
3 2 2 2 18 28 4 2 2 3 38 3 2 2 2 5 2 2 3 2 3
3 2 2 2 18 28 4 2 2 3 38 3 2 2 3 5 2 2 3 2 2
3 2 2 2 18 28 4 2 2 2 38 3 2 3 2 5 2 2 3 2 2
3 2 2 2 18 28 4 2 2 2 38 3 2 3 2 5 2 2 3 2 3
3 2 2 2 18 28 4 2 2 2 38 3 2 3 3 5 2 2 3 2 2
3 3 2 2 18 28 2 3 2 2 38 2 3 4 2 5 2 2 2 2 2
3 3 2 2 18 28 2 3 2 2 38 2 3 4 2 5 2 2 2 2 3
3 3 2 2 18 28 2 3 2 2 38 2 3 5 2 5 2 2 2 2 2
3 3 2 2 18 28 2 3 2 3 38 2 3 4 2 5 2 2 2 2 2
3 3 2 2 18 28 2 3 2 3 38 2 3 4 2 5 2 2 2 2 3
2 3 2 2 18 28 3 2 3 2 38 4 2 3 2 3 2 2 3 2 2
2 3 2 2 18 28 3 2 3 2 38 4 2 3 2 3 2 2 3 2 3
2 3 2 2 18 28 3 2 3 2 38 4 2 3 2 3 2 2 3 3 2
2 3 2 2 18 28 3 2 3 2 38 4 2 3 3 3 2 2 3 2 2
2 3 2 2 18 28 3 2 3 2 38 4 2 3 2 3 2 3 3 2 2
2 3 2 2 18 28 4 2 2 2 38 3 2 2 2 5 2 2 3 2 2
2 3 2 2 18 28 4 2 2 2 38 3 2 2 2 5 2 2 3 2 3
2 3 2 2 18 28 4 2 2 2 38 3 2 2 3 5 2 2 3 2 2
2 3 2 2 18 28 4 2 2 2 38 3 2 2 3 5 2 2 3 2 3
2 3 2 2 18 28 4 2 2 2 38 3 2 2 2 5 3 2 2 2 2
2 3 2 2 18 28 4 2 2 2 38 3 2 2 2 5 3 2 2 2 3
2 3 2 2 18 28 4 2 2 2 38 3 2 2 3 5 3 2 2 2 2
2 3 2 2 18 28 4 2 2 3 38 3 2 2 2 5 2 2 3 2 2
2 3 2 2 18 28 4 2 2 3 38 3 2 2 2 5 2 2 3 2 3
2 3 2 2 18 28 4 2 2 3 38 3 2 2 3 5 2 2 3 2 2
2 3 2 2 18 28 4 2 2 3 38 3 2 2 3 5 2 2 3 2 3
2 3 2 2 18 28 4 2 2 2 38 3 2 3 2 5 2 2 3 2 2
2 3 2 2 18 28 4 2 2 2 38 3 2 3 2 5 2 2 3 2 3
2 3 2 2 18 28 4 2 2 2 38 3 2 3 3 5 2 2 3 2 2
2 4 2 2 18 28 3 2 3 2 38 3 2 3 2 4 2 2 3 2 2
2 4 2 2 18 28 3 2 3 2 38 3 2 3 2 4 2 2 3 2 3
2 4 2 2 18 28 3 2 3 2 38 3 2 3 2 4 2 2 3 3 2
2 4 2 2 18 28 3 2 3 2 38 3 2 3 3 4 2 2 3 2 2
2 4 2 2 18 28 3 2 3 2 38 3 2 3 2 4 2 3 3 2 2
2 4 2 2 18 28 3 2 3 2 38 3 2 3 4 4 2 2 3 2 2
3 3 2 2 18 28 2 3 2 2 38 3 2 4 2 5 2 2 2 2 2
3 3 2 2 18 28 2 3 2 2 38 3 2 4 2 5 2 2 2 2 3
3 3 2 2 18 28 2 3 2 2 38 3 2 4 3 5 2 2 2 2 2
3 3 2 2 18 28 2 3 2 2 38 3 2 5 2 5 2 2 2 2 2
4 2 2 2 18 28 3 3 2 2 38 2 4 3 2 3 3 2 2 2 2
4 2 2 2 18 28 3 3 2 2 38 2 4 3 2 3 3 2 2 2 3
4 2 2 2 18 28 3 3 2 2 38 2 4 3 2 3 3 2 2 2 4
4 2 2 2 18 28 3 3 2 2 38 2 4 3 2 3 3 3 2 2 2
4 2 2 2 18 28 3 3 2 2 38 2 4 3 3 3 3 2 2 2 2
4 2 2 2 18 28 3 3 2 2 38 2 4 3 2 3 3 2 2 3 2
4 2 2 2 18 28 3 3 2 2 38 2 4 3 2 3 3 4 2 2 2
