2 2 4 2 2 1 4 2 6 2 2 2 2 2 1 2 6 2 3 2 2
2 2 5 2 2 1 4 2 6 2 2 2 2 2 1 2 6 2 3 2 2
2 2 5 2 2 1 5 2 4 2 2 2 2 2 1 2 4 2 4 2 2
2 2 5 2 2 1 5 2 6 2 2 2 2 2 1 2 6 2 3 2 2
2 2 6 2 2 1 4 2 6 2 2 2 2 2 1 2 6 2 3 2 2
2 2 6 2 2 1 5 2 4 2 2 2 2 2 1 2 4 2 4 2 2
2 2 6 2 2 1 5 2 6 2 2 2 2 2 1 2 6 2 3 2 2
2 2 6 2 2 1 6 2 4 2 2 2 2 2 1 2 4 2 4 2 2
2 2 6 2 2 1 6 2 6 2 2 2 2 2 1 2 6 2 3 2 2
2 2 17 2 2 1 4 2 6 2 2 2 2 2 1 2 6 2 3 2 2
2 2 17 2 2 1 5 2 4 2 2 2 2 2 1 2 4 2 4 2 2
2 2 17 2 2 1 5 2 6 2 2 2 2 2 1 2 6 2 3 2 2
2 2 17 2 2 1 6 2 4 2 2 2 2 2 1 2 4 2 4 2 2
2 2 17 2 2 1 6 2 6 2 2 2 2 2 1 2 6 2 3 2 2
2 2 17 2 2 1 27 2 3 2 2 2 2 2 1 2 3 2 6 2 2
2 2 17 2 2 1 27 2 4 2 2 2 2 2 1 2 4 2 4 2 2
2 2 17 2 2 1 27 2 6 2 2 2 2 2 1 2 6 2 3 2 2
2 3 4 2 2 1 4 2 6 2 2 2 2 2 1 2 6 2 3 2 2
