2 2 18 2 2 1 3 2 3 2 2 2 2 2 1 2 3 2 6 2 2
2 2 18 2 2 1 3 2 3 2 2 2 2 2 1 3 2 2 6 2 2
2 2 18 2 2 1 3 2 3 3 2 2 2 2 1 3 3 2 3 2 2
2 2 18 2 2 1 3 3 3 2 2 2 2 2 1 2 3 2 6 2 2
2 2 18 2 2 1 3 4 3 2 2 2 2 2 1 2 3 2 6 2 2
2 2 18 2 2 1 3 2 4 2 2 2 2 2 1 2 4 2 4 2 2
2 2 18 2 2 1 3 3 4 2 2 2 2 2 1 2 4 2 4 2 2
2 2 18 2 2 1 4 2 3 2 2 2 2 2 1 2 3 2 6 2 2
2 2 18 2 2 1 4 2 3 2 2 2 2 2 1 3 2 2 6 2 2
2 2 18 2 2 1 4 2 3 3 2 2 2 2 1 3 3 2 3 2 2
2 2 18 2 2 1 4 3 3 2 2 2 2 2 1 2 3 2 6 2 2
2 2 18 2 2 1 5 2 3 2 2 2 2 2 1 2 3 2 6 2 2
2 2 18 2 2 1 5 2 3 2 2 2 2 2 1 3 2 2 6 2 2
2 2 18 2 2 1 5 2 3 3 2 2 2 2 1 3 3 2 3 2 2
2 3 18 2 2 1 3 2 3 2 2 2 2 2 1 2 3 2 6 2 2
2 3 18 2 2 1 3 2 3 2 2 2 2 2 1 3 2 2 6 2 2
2 3 18 2 2 1 3 2 3 3 2 2 2 2 1 3 3 2 3 2 2
2 3 18 2 2 1 3 3 3 2 2 2 2 2 1 2 3 2 6 2 2
2 3 18 2 2 1 3 4 3 2 2 2 2 2 1 2 3 2 6 2 2
2 3 18 2 2 1 3 2 4 2 2 2 2 2 1 2 4 2 4 2 2
2 3 18 2 2 1 3 3 4 2 2 2 2 2 1 2 4 2 4 2 2
2 3 18 2 2 1 4 2 3 2 2 2 2 2 1 2 3 2 6 2 2
2 3 18 2 2 1 4 2 3 2 2 2 2 2 1 3 2 2 6 2 2
2 3 18 2 2 1 4 2 3 3 2 2 2 2 1 3 3 2 3 2 2
2 3 18 2 2 1 4 3 3 2 2 2 2 2 1 2 3 2 6 2 2
2 4 18 2 2 1 3 2 3 2 2 2 2 2 1 2 3 2 6 2 2
2 4 18 2 2 1 3 2 3 2 2 2 2 2 1 3 2 2 6 2 2
2 4 18 2 2 1 3 2 3 3 2 2 2 2 1 3 3 2 3 2 2
2 4 18 2 2 1 3 3 3 2 2 2 2 2 1 2 3 2 6 2 2
2 4 18 2 2 1 3 4 3 2 2 2 2 2 1 2 3 2 6 2 2
2 5 18 2 2 1 3 2 3 2 2 2 2 2 1 2 3 2 6 2 2
2 5 18 2 2 1 3 2 3 2 2 2 2 2 1 3 2 2 6 2 2
2 5 18 2 2 1 3 2 3 3 2 2 2 2 1 3 3 2 3 2 2
2 5 18 2 2 1 3 3 3 2 2 2 2 2 1 2 3 2 6 2 2
2 5 18 2 2 1 3 4 3 2 2 2 2 2 1 2 3 2 6 2 2
2 4 18 2 2 1 3 2 4 2 2 2 2 2 1 2 4 2 4 2 2
2 4 18 2 2 1 3 3 4 2 2 2 2 2 1 2 4 2 4 2 2
