2 2 2 2 17 3 3 27 2 2 2 2 2 2 1 4 2 2 4 2 2
2 2 2 2 17 3 3 27 2 2 2 2 2 2 1 6 2 2 3 2 2
2 2 2 2 17 3 4 27 2 2 2 2 2 2 1 3 2 2 6 2 2
2 2 2 2 5 4 4 5 2 2 2 2 2 2 1 4 2 2 4 2 2
2 2 2 2 6 4 4 5 2 2 2 2 2 2 1 4 2 2 4 2 2
2 2 2 2 6 4 4 6 2 2 2 2 2 2 1 4 2 2 4 2 2
2 2 2 2 17 3 4 5 2 2 2 2 2 2 1 4 2 2 4 2 2
2 2 2 2 17 4 4 5 2 2 2 2 2 2 1 4 2 2 4 2 2
2 2 2 2 17 3 4 6 2 2 2 2 2 2 1 4 2 2 4 2 2
2 2 2 2 17 4 4 6 2 2 2 2 2 2 1 4 2 2 4 2 2
2 2 2 2 17 3 4 27 2 2 2 2 2 2 1 4 2 2 4 2 2
2 2 2 2 17 4 4 27 2 2 2 2 2 2 1 4 2 2 4 2 2
2 2 2 2 17 3 4 5 2 2 2 2 2 2 1 6 2 2 3 2 2
2 2 2 2 17 4 4 5 2 2 2 2 2 2 1 6 2 2 3 2 2
2 2 2 2 17 3 4 6 2 2 2 2 2 2 1 6 2 2 3 2 2
2 2 2 2 17 4 4 6 2 2 2 2 2 2 1 6 2 2 3 2 2
2 2 2 2 17 3 4 27 2 2 2 2 2 2 1 6 2 2 3 2 2
2 2 2 2 17 4 4 27 2 2 2 2 2 2 1 6 2 2 3 2 2
2 2 2 2 5 4 5 17 2 2 2 2 2 2 1 3 2 2 6 2 2
2 2 2 2 6 4 5 17 2 2 2 2 2 2 1 3 2 2 6 2 2
2 2 2 2 17 3 5 27 2 2 2 2 2 2 1 3 2 2 6 2 2
2 2 2 2 17 4 5 27 2 2 2 2 2 2 1 3 2 2 6 2 2
2 2 2 2 5 4 5 5 2 2 2 2 2 2 1 4 2 2 4 2 2
2 2 2 2 5 5 5 5 2 2 2 2 2 2 1 4 2 2 4 2 2
2 2 2 2 5 4 5 6 2 2 2 2 2 2 1 4 2 2 4 2 2
2 2 2 2 5 4 5 17 2 2 2 2 2 2 1 4 2 2 4 2 2
2 2 2 2 6 4 5 5 2 2 2 2 2 2 1 4 2 2 4 2 2
2 2 2 2 6 5 5 5 2 2 2 2 2 2 1 4 2 2 4 2 2
2 2 2 2 6 4 5 6 2 2 2 2 2 2 1 4 2 2 4 2 2
2 2 2 2 6 5 5 6 2 2 2 2 2 2 1 4 2 2 4 2 2
2 2 2 2 6 4 5 17 2 2 2 2 2 2 1 4 2 2 4 2 2
2 2 2 2 17 3 5 5 2 2 2 2 2 2 1 4 2 2 4 2 2
2 2 2 2 17 4 5 5 2 2 2 2 2 2 1 4 2 2 4 2 2
2 2 2 2 17 5 5 5 2 2 2 2 2 2 1 4 2 2 4 2 2
2 2 2 2 17 3 5 6 2 2 2 2 2 2 1 4 2 2 4 2 2
2 2 2 2 17 4 5 6 2 2 2 2 2 2 1 4 2 2 4 2 2
2 2 2 2 17 5 5 6 2 2 2 2 2 2 1 4 2 2 4 2 2
2 2 2 2 17 3 5 27 2 2 2 2 2 2 1 4 2 2 4 2 2
2 2 2 2 17 4 5 27 2 2 2 2 2 2 1 4 2 2 4 2 2
2 2 2 2 17 5 5 27 2 2 2 2 2 2 1 4 2 2 4 2 2
2 2 2 2 17 3 5 4 2 2 2 2 2 2 1 6 2 2 3 2 2
2 2 2 2 17 4 5 4 2 2 2 2 2 2 1 6 2 2 3 2 2
2 2 2 2 17 5 5 4 2 2 2 2 2 2 1 6 2 2 3 2 2
2 2 2 2 17 3 5 5 2 2 2 2 2 2 1 6 2 2 3 2 2
2 2 2 2 17 4 5 5 2 2 2 2 2 2 1 6 2 2 3 2 2
2 2 2 2 17 5 5 5 2 2 2 2 2 2 1 6 2 2 3 2 2
2 2 2 2 17 3 5 6 2 2 2 2 2 2 1 6 2 2 3 2 2
2 2 2 2 17 4 5 6 2 2 2 2 2 2 1 6 2 2 3 2 2
2 2 2 2 17 5 5 6 2 2 2 2 2 2 1 6 2 2 3 2 2
2 2 2 2 17 3 5 27 2 2 2 2 2 2 1 6 2 2 3 2 2
2 2 2 2 17 4 5 27 2 2 2 2 2 2 1 6 2 2 3 2 2
2 2 2 2 17 5 5 27 2 2 2 2 2 2 1 6 2 2 3 2 2
2 2 2 2 4 5 6 17 2 2 2 2 2 2 1 3 2 2 6 2 2
2 2 2 2 5 4 6 17 2 2 2 2 2 2 1 3 2 2 6 2 2
2 2 2 2 5 5 6 17 2 2 2 2 2 2 1 3 2 2 6 2 2
2 2 2 2 6 4 6 17 2 2 2 2 2 2 1 3 2 2 6 2 2
2 2 2 2 6 5 6 17 2 2 2 2 2 2 1 3 2 2 6 2 2
2 2 2 2 17 3 6 27 2 2 2 2 2 2 1 3 2 2 6 2 2
2 2 2 2 17 4 6 27 2 2 2 2 2 2 1 3 2 2 6 2 2
2 2 2 2 17 5 6 27 2 2 2 2 2 2 1 3 2 2 6 2 2
2 2 2 2 5 4 6 5 2 2 2 2 2 2 1 4 2 2 4 2 2
2 2 2 2 5 5 6 5 2 2 2 2 2 2 1 4 2 2 4 2 2
2 2 2 2 5 6 6 5 2 2 2 2 2 2 1 4 2 2 4 2 2
2 2 2 2 5 4 6 6 2 2 2 2 2 2 1 4 2 2 4 2 2
2 2 2 2 5 5 6 6 2 2 2 2 2 2 1 4 2 2 4 2 2
2 2 2 2 5 4 6 17 2 2 2 2 2 2 1 4 2 2 4 2 2
2 2 2 2 5 5 6 17 2 2 2 2 2 2 1 4 2 2 4 2 2
2 2 2 2 6 4 6 5 2 2 2 2 2 2 1 4 2 2 4 2 2
2 2 2 2 6 5 6 5 2 2 2 2 2 2 1 4 2 2 4 2 2
2 2 2 2 6 6 6 5 2 2 2 2 2 2 1 4 2 2 4 2 2
2 2 2 2 6 4 6 6 2 2 2 2 2 2 1 4 2 2 4 2 2
2 2 2 2 6 5 6 6 2 2 2 2 2 2 1 4 2 2 4 2 2
2 2 2 2 6 6 6 6 2 2 2 2 2 2 1 4 2 2 4 2 2
2 2 2 2 6 4 6 17 2 2 2 2 2 2 1 4 2 2 4 2 2
2 2 2 2 6 5 6 17 2 2 2 2 2 2 1 4 2 2 4 2 2
2 2 2 2 17 3 6 5 2 2 2 2 2 2 1 4 2 2 4 2 2
2 2 2 2 17 4 6 5 2 2 2 2 2 2 1 4 2 2 4 2 2
2 2 2 2 17 5 6 5 2 2 2 2 2 2 1 4 2 2 4 2 2
2 2 2 2 17 6 6 5 2 2 2 2 2 2 1 4 2 2 4 2 2
2 2 2 2 17 3 6 6 2 2 2 2 2 2 1 4 2 2 4 2 2
2 2 2 2 17 4 6 6 2 2 2 2 2 2 1 4 2 2 4 2 2
2 2 2 2 17 5 6 6 2 2 2 2 2 2 1 4 2 2 4 2 2
2 2 2 2 17 6 6 6 2 2 2 2 2 2 1 4 2 2 4 2 2
2 2 2 2 17 3 6 27 2 2 2 2 2 2 1 4 2 2 4 2 2
2 2 2 2 17 4 6 27 2 2 2 2 2 2 1 4 2 2 4 2 2
2 2 2 2 17 5 6 27 2 2 2 2 2 2 1 4 2 2 4 2 2
2 2 2 2 17 6 6 27 2 2 2 2 2 2 1 4 2 2 4 2 2
2 2 2 2 17 3 6 4 2 2 2 2 2 2 1 6 2 2 3 2 2
2 2 2 2 17 4 6 4 2 2 2 2 2 2 1 6 2 2 3 2 2
2 2 2 2 17 5 6 4 2 2 2 2 2 2 1 6 2 2 3 2 2
2 2 2 2 17 6 6 4 2 2 2 2 2 2 1 6 2 2 3 2 2
2 2 2 2 17 3 6 5 2 2 2 2 2 2 1 6 2 2 3 2 2
2 2 2 2 17 4 6 5 2 2 2 2 2 2 1 6 2 2 3 2 2
2 2 2 2 17 5 6 5 2 2 2 2 2 2 1 6 2 2 3 2 2
2 2 2 2 17 6 6 5 2 2 2 2 2 2 1 6 2 2 3 2 2
2 2 2 2 17 3 6 6 2 2 2 2 2 2 1 6 2 2 3 2 2
2 2 2 2 17 4 6 6 2 2 2 2 2 2 1 6 2 2 3 2 2
2 2 2 2 17 5 6 6 2 2 2 2 2 2 1 6 2 2 3 2 2
2 2 2 2 17 6 6 6 2 2 2 2 2 2 1 6 2 2 3 2 2
2 2 2 2 17 3 6 27 2 2 2 2 2 2 1 6 2 2 3 2 2
2 2 2 2 17 4 6 27 2 2 2 2 2 2 1 6 2 2 3 2 2
2 2 2 2 17 5 6 27 2 2 2 2 2 2 1 6 2 2 3 2 2
2 2 2 2 17 6 6 27 2 2 2 2 2 2 1 6 2 2 3 2 2
2 2 2 2 4 5 17 27 2 2 2 2 2 2 1 3 2 2 6 2 2
2 2 2 2 4 6 17 27 2 2 2 2 2 2 1 3 2 2 6 2 2
2 2 2 2 5 4 17 27 2 2 2 2 2 2 1 3 2 2 6 2 2
2 2 2 2 5 5 17 27 2 2 2 2 2 2 1 3 2 2 6 2 2
2 2 2 2 5 6 17 27 2 2 2 2 2 2 1 3 2 2 6 2 2
2 2 2 2 6 4 17 27 2 2 2 2 2 2 1 3 2 2 6 2 2
2 2 2 2 6 5 17 27 2 2 2 2 2 2 1 3 2 2 6 2 2
2 2 2 2 6 6 17 27 2 2 2 2 2 2 1 3 2 2 6 2 2
2 2 2 2 17 3 27 37 2 2 2 2 2 2 1 3 2 2 6 2 2
2 2 2 2 17 4 27 37 2 2 2 2 2 2 1 3 2 2 6 2 2
2 2 2 2 17 5 27 37 2 2 2 2 2 2 1 3 2 2 6 2 2
2 2 2 2 17 6 27 37 2 2 2 2 2 2 1 3 2 2 6 2 2
2 2 2 2 5 4 17 5 2 2 2 2 2 2 1 4 2 2 4 2 2
2 2 2 2 5 5 17 5 2 2 2 2 2 2 1 4 2 2 4 2 2
2 2 2 2 5 6 17 5 2 2 2 2 2 2 1 4 2 2 4 2 2
2 2 2 2 5 17 27 5 2 2 2 2 2 2 1 4 2 2 4 2 2
2 2 2 2 5 4 17 6 2 2 2 2 2 2 1 4 2 2 4 2 2
2 2 2 2 5 5 17 6 2 2 2 2 2 2 1 4 2 2 4 2 2
2 2 2 2 5 6 17 6 2 2 2 2 2 2 1 4 2 2 4 2 2
2 2 2 2 5 4 17 27 2 2 2 2 2 2 1 4 2 2 4 2 2
2 2 2 2 5 5 17 27 2 2 2 2 2 2 1 4 2 2 4 2 2
2 2 2 2 5 6 17 27 2 2 2 2 2 2 1 4 2 2 4 2 2
2 2 2 2 6 4 17 5 2 2 2 2 2 2 1 4 2 2 4 2 2
2 2 2 2 6 5 17 5 2 2 2 2 2 2 1 4 2 2 4 2 2
2 2 2 2 6 6 17 5 2 2 2 2 2 2 1 4 2 2 4 2 2
2 2 2 2 6 17 27 5 2 2 2 2 2 2 1 4 2 2 4 2 2
2 2 2 2 6 4 17 6 2 2 2 2 2 2 1 4 2 2 4 2 2
2 2 2 2 6 5 17 6 2 2 2 2 2 2 1 4 2 2 4 2 2
2 2 2 2 6 6 17 6 2 2 2 2 2 2 1 4 2 2 4 2 2
2 2 2 2 6 17 27 6 2 2 2 2 2 2 1 4 2 2 4 2 2
2 2 2 2 6 4 17 27 2 2 2 2 2 2 1 4 2 2 4 2 2
2 2 2 2 6 5 17 27 2 2 2 2 2 2 1 4 2 2 4 2 2
2 2 2 2 6 6 17 27 2 2 2 2 2 2 1 4 2 2 4 2 2
2 2 2 2 17 3 27 5 2 2 2 2 2 2 1 4 2 2 4 2 2
2 2 2 2 17 4 27 5 2 2 2 2 2 2 1 4 2 2 4 2 2
2 2 2 2 17 5 27 5 2 2 2 2 2 2 1 4 2 2 4 2 2
2 2 2 2 17 6 27 5 2 2 2 2 2 2 1 4 2 2 4 2 2
2 2 2 2 17 27 37 5 2 2 2 2 2 2 1 4 2 2 4 2 2
2 2 2 2 17 3 27 6 2 2 2 2 2 2 1 4 2 2 4 2 2
2 2 2 2 17 4 27 6 2 2 2 2 2 2 1 4 2 2 4 2 2
2 2 2 2 17 5 27 6 2 2 2 2 2 2 1 4 2 2 4 2 2
2 2 2 2 17 6 27 6 2 2 2 2 2 2 1 4 2 2 4 2 2
2 2 2 2 17 27 37 6 2 2 2 2 2 2 1 4 2 2 4 2 2
2 2 2 2 17 3 27 37 2 2 2 2 2 2 1 4 2 2 4 2 2
2 2 2 2 17 4 27 37 2 2 2 2 2 2 1 4 2 2 4 2 2
2 2 2 2 17 5 27 37 2 2 2 2 2 2 1 4 2 2 4 2 2
2 2 2 2 17 6 27 37 2 2 2 2 2 2 1 4 2 2 4 2 2
2 2 2 2 17 27 37 47 2 2 2 2 2 2 1 4 2 2 4 2 2
2 2 2 2 17 3 27 4 2 2 2 2 2 2 1 6 2 2 3 2 2
2 2 2 2 17 4 27 4 2 2 2 2 2 2 1 6 2 2 3 2 2
2 2 2 2 17 5 27 4 2 2 2 2 2 2 1 6 2 2 3 2 2
2 2 2 2 17 6 27 4 2 2 2 2 2 2 1 6 2 2 3 2 2
2 2 2 2 17 27 37 4 2 2 2 2 2 2 1 6 2 2 3 2 2
2 2 2 2 17 3 27 5 2 2 2 2 2 2 1 6 2 2 3 2 2
2 2 2 2 17 4 27 5 2 2 2 2 2 2 1 6 2 2 3 2 2
2 2 2 2 17 5 27 5 2 2 2 2 2 2 1 6 2 2 3 2 2
2 2 2 2 17 6 27 5 2 2 2 2 2 2 1 6 2 2 3 2 2
2 2 2 2 17 27 37 5 2 2 2 2 2 2 1 6 2 2 3 2 2
2 2 2 2 17 3 27 6 2 2 2 2 2 2 1 6 2 2 3 2 2
2 2 2 2 17 4 27 6 2 2 2 2 2 2 1 6 2 2 3 2 2
2 2 2 2 17 5 27 6 2 2 2 2 2 2 1 6 2 2 3 2 2
2 2 2 2 17 6 27 6 2 2 2 2 2 2 1 6 2 2 3 2 2
2 2 2 2 17 27 37 6 2 2 2 2 2 2 1 6 2 2 3 2 2
2 2 2 2 17 3 27 37 2 2 2 2 2 2 1 6 2 2 3 2 2
2 2 2 2 17 4 27 37 2 2 2 2 2 2 1 6 2 2 3 2 2
2 2 2 2 17 5 27 37 2 2 2 2 2 2 1 6 2 2 3 2 2
2 2 2 2 17 6 27 37 2 2 2 2 2 2 1 6 2 2 3 2 2
2 2 2 2 17 27 37 47 2 2 2 2 2 2 1 6 2 2 3 2 2
2 2 2 3 4 5 3 17 2 2 2 2 2 2 1 3 2 2 6 2 2
2 2 2 3 5 4 3 17 2 2 2 2 2 2 1 3 2 2 6 2 2
2 2 2 3 5 5 3 17 2 2 2 2 2 2 1 3 2 2 6 2 2
2 2 2 3 6 4 3 17 2 2 2 2 2 2 1 3 2 2 6 2 2
2 2 2 3 6 5 3 17 2 2 2 2 2 2 1 3 2 2 6 2 2
2 2 2 3 17 3 3 27 2 2 2 2 2 2 1 3 2 2 6 2 2
2 2 2 3 17 4 3 27 2 2 2 2 2 2 1 3 2 2 6 2 2
2 2 2 3 17 5 3 27 2 2 2 2 2 2 1 3 2 2 6 2 2
2 2 2 3 5 4 3 17 2 2 2 2 2 2 1 4 2 2 4 2 2
2 2 2 3 6 4 3 17 2 2 2 2 2 2 1 4 2 2 4 2 2
2 2 2 3 17 3 3 27 2 2 2 2 2 2 1 4 2 2 4 2 2
2 2 2 3 17 4 3 27 2 2 2 2 2 2 1 4 2 2 4 2 2
2 2 2 3 17 3 3 27 3 2 2 2 2 2 1 4 2 2 4 2 2
2 2 2 3 4 5 4 17 2 2 2 2 2 2 1 3 2 2 6 2 2
2 2 2 3 5 4 4 17 2 2 2 2 2 2 1 3 2 2 6 2 2
2 2 2 3 5 5 4 17 2 2 2 2 2 2 1 3 2 2 6 2 2
2 2 2 3 6 4 4 17 2 2 2 2 2 2 1 3 2 2 6 2 2
2 2 2 3 6 5 4 17 2 2 2 2 2 2 1 3 2 2 6 2 2
2 2 2 3 17 3 4 27 2 2 2 2 2 2 1 3 2 2 6 2 2
2 2 2 3 17 4 4 27 2 2 2 2 2 2 1 3 2 2 6 2 2
2 2 2 3 17 5 4 27 2 2 2 2 2 2 1 3 2 2 6 2 2
2 2 2 3 5 4 4 5 2 2 2 2 2 2 1 4 2 2 4 2 2
2 2 2 3 5 4 4 6 2 2 2 2 2 2 1 4 2 2 4 2 2
2 2 2 3 5 4 4 17 2 2 2 2 2 2 1 4 2 2 4 2 2
2 2 2 3 6 4 4 5 2 2 2 2 2 2 1 4 2 2 4 2 2
2 2 2 3 6 4 4 6 2 2 2 2 2 2 1 4 2 2 4 2 2
2 2 2 3 6 4 4 17 2 2 2 2 2 2 1 4 2 2 4 2 2
2 2 2 3 17 3 4 5 2 2 2 2 2 2 1 4 2 2 4 2 2
2 2 2 3 17 4 4 5 2 2 2 2 2 2 1 4 2 2 4 2 2
2 2 2 3 17 3 4 6 2 2 2 2 2 2 1 4 2 2 4 2 2
2 2 2 3 17 4 4 6 2 2 2 2 2 2 1 4 2 2 4 2 2
2 2 2 3 17 3 4 27 2 2 2 2 2 2 1 4 2 2 4 2 2
2 2 2 3 17 4 4 27 2 2 2 2 2 2 1 4 2 2 4 2 2
2 2 2 3 5 4 4 5 3 2 2 2 2 2 1 4 2 2 4 2 2
2 2 2 3 6 4 4 5 3 2 2 2 2 2 1 4 2 2 4 2 2
2 2 2 3 6 4 4 6 3 2 2 2 2 2 1 4 2 2 4 2 2
2 2 2 3 17 3 4 5 3 2 2 2 2 2 1 4 2 2 4 2 2
2 2 2 3 17 4 4 5 3 2 2 2 2 2 1 4 2 2 4 2 2
2 2 2 3 17 3 4 6 3 2 2 2 2 2 1 4 2 2 4 2 2
2 2 2 3 17 4 4 6 3 2 2 2 2 2 1 4 2 2 4 2 2
2 2 2 3 17 3 4 27 3 2 2 2 2 2 1 4 2 2 4 2 2
2 2 2 3 17 4 4 27 3 2 2 2 2 2 1 4 2 2 4 2 2
2 2 2 3 4 5 5 17 2 2 2 2 2 2 1 3 2 2 6 2 2
2 2 2 3 5 4 5 17 2 2 2 2 2 2 1 3 2 2 6 2 2
2 2 2 3 5 5 5 17 2 2 2 2 2 2 1 3 2 2 6 2 2
2 2 2 3 6 4 5 17 2 2 2 2 2 2 1 3 2 2 6 2 2
2 2 2 3 6 5 5 17 2 2 2 2 2 2 1 3 2 2 6 2 2
2 2 2 3 17 3 5 27 2 2 2 2 2 2 1 3 2 2 6 2 2
2 2 2 3 17 4 5 27 2 2 2 2 2 2 1 3 2 2 6 2 2
2 2 2 3 17 5 5 27 2 2 2 2 2 2 1 3 2 2 6 2 2
2 2 2 3 5 4 5 5 2 2 2 2 2 2 1 4 2 2 4 2 2
2 2 2 3 5 4 5 6 2 2 2 2 2 2 1 4 2 2 4 2 2
2 2 2 3 5 4 5 17 2 2 2 2 2 2 1 4 2 2 4 2 2
2 2 2 3 6 4 5 5 2 2 2 2 2 2 1 4 2 2 4 2 2
2 2 2 3 6 4 5 6 2 2 2 2 2 2 1 4 2 2 4 2 2
2 2 2 3 6 4 5 17 2 2 2 2 2 2 1 4 2 2 4 2 2
2 2 2 3 17 3 5 5 2 2 2 2 2 2 1 4 2 2 4 2 2
2 2 2 3 17 4 5 5 2 2 2 2 2 2 1 4 2 2 4 2 2
2 2 2 3 17 3 5 6 2 2 2 2 2 2 1 4 2 2 4 2 2
2 2 2 3 17 4 5 6 2 2 2 2 2 2 1 4 2 2 4 2 2
2 2 2 3 17 3 5 27 2 2 2 2 2 2 1 4 2 2 4 2 2
2 2 2 3 17 4 5 27 2 2 2 2 2 2 1 4 2 2 4 2 2
2 2 2 3 4 5 5 4 3 2 2 2 2 2 1 3 3 2 3 2 2
2 2 2 3 4 5 6 17 2 2 2 2 2 2 1 3 2 2 6 2 2
2 2 2 3 5 4 6 17 2 2 2 2 2 2 1 3 2 2 6 2 2
2 2 2 3 5 5 6 17 2 2 2 2 2 2 1 3 2 2 6 2 2
2 2 2 3 6 4 6 17 2 2 2 2 2 2 1 3 2 2 6 2 2
2 2 2 3 6 5 6 17 2 2 2 2 2 2 1 3 2 2 6 2 2
2 2 2 3 17 3 6 27 2 2 2 2 2 2 1 3 2 2 6 2 2
2 2 2 3 17 4 6 27 2 2 2 2 2 2 1 3 2 2 6 2 2
2 2 2 3 17 5 6 27 2 2 2 2 2 2 1 3 2 2 6 2 2
2 2 2 3 5 4 6 5 2 2 2 2 2 2 1 4 2 2 4 2 2
2 2 2 3 5 4 6 6 2 2 2 2 2 2 1 4 2 2 4 2 2
2 2 2 3 5 4 6 17 2 2 2 2 2 2 1 4 2 2 4 2 2
2 2 2 3 6 4 6 5 2 2 2 2 2 2 1 4 2 2 4 2 2
2 2 2 3 6 4 6 6 2 2 2 2 2 2 1 4 2 2 4 2 2
2 2 2 3 6 4 6 17 2 2 2 2 2 2 1 4 2 2 4 2 2
2 2 2 3 17 3 6 5 2 2 2 2 2 2 1 4 2 2 4 2 2
2 2 2 3 17 4 6 5 2 2 2 2 2 2 1 4 2 2 4 2 2
2 2 2 3 17 3 6 6 2 2 2 2 2 2 1 4 2 2 4 2 2
2 2 2 3 17 4 6 6 2 2 2 2 2 2 1 4 2 2 4 2 2
2 2 2 3 17 3 6 27 2 2 2 2 2 2 1 4 2 2 4 2 2
2 2 2 3 17 4 6 27 2 2 2 2 2 2 1 4 2 2 4 2 2
2 2 2 3 4 5 17 27 2 2 2 2 2 2 1 3 2 2 6 2 2
2 2 2 3 5 4 17 27 2 2 2 2 2 2 1 3 2 2 6 2 2
2 2 2 3 5 5 17 27 2 2 2 2 2 2 1 3 2 2 6 2 2
2 2 2 3 6 4 17 27 2 2 2 2 2 2 1 3 2 2 6 2 2
2 2 2 3 6 5 17 27 2 2 2 2 2 2 1 3 2 2 6 2 2
2 2 2 3 17 3 27 37 2 2 2 2 2 2 1 3 2 2 6 2 2
2 2 2 3 17 4 27 37 2 2 2 2 2 2 1 3 2 2 6 2 2
2 2 2 3 17 5 27 37 2 2 2 2 2 2 1 3 2 2 6 2 2
2 2 2 3 5 4 17 5 2 2 2 2 2 2 1 4 2 2 4 2 2
2 2 2 3 5 4 17 6 2 2 2 2 2 2 1 4 2 2 4 2 2
2 2 2 3 5 4 17 27 2 2 2 2 2 2 1 4 2 2 4 2 2
2 2 2 3 6 4 17 5 2 2 2 2 2 2 1 4 2 2 4 2 2
2 2 2 3 6 4 17 6 2 2 2 2 2 2 1 4 2 2 4 2 2
2 2 2 3 6 4 17 27 2 2 2 2 2 2 1 4 2 2 4 2 2
2 2 2 3 17 3 27 5 2 2 2 2 2 2 1 4 2 2 4 2 2
2 2 2 3 17 4 27 5 2 2 2 2 2 2 1 4 2 2 4 2 2
2 2 2 3 17 3 27 6 2 2 2 2 2 2 1 4 2 2 4 2 2
2 2 2 3 17 4 27 6 2 2 2 2 2 2 1 4 2 2 4 2 2
2 2 2 3 17 3 27 37 2 2 2 2 2 2 1 4 2 2 4 2 2
2 2 2 3 17 4 27 37 2 2 2 2 2 2 1 4 2 2 4 2 2
2 2 2 4 17 3 3 27 2 2 2 2 2 2 1 3 2 2 6 2 2
2 2 2 4 17 3 4 27 2 2 2 2 2 2 1 3 2 2 6 2 2
2 2 2 4 17 3 5 27 2 2 2 2 2 2 1 3 2 2 6 2 2
2 2 2 4 17 3 6 27 2 2 2 2 2 2 1 3 2 2 6 2 2
2 2 2 4 17 3 27 37 2 2 2 2 2 2 1 3 2 2 6 2 2
2 3 2 2 4 5 3 17 2 2 2 2 2 2 1 3 2 2 6 2 2
2 3 2 2 4 6 3 17 2 2 2 2 2 2 1 3 2 2 6 2 2
2 3 2 2 4 17 3 27 2 2 2 2 2 2 1 3 2 2 6 2 2
2 3 2 2 5 4 3 17 2 2 2 2 2 2 1 3 2 2 6 2 2
2 3 2 2 5 5 3 17 2 2 2 2 2 2 1 3 2 2 6 2 2
2 3 2 2 5 6 3 17 2 2 2 2 2 2 1 3 2 2 6 2 2
2 3 2 2 5 17 3 27 2 2 2 2 2 2 1 3 2 2 6 2 2
2 3 2 2 5 4 3 17 2 2 2 2 2 2 1 4 2 2 4 2 2
2 3 2 2 5 5 3 17 2 2 2 2 2 2 1 4 2 2 4 2 2
2 3 2 2 5 6 3 17 2 2 2 2 2 2 1 4 2 2 4 2 2
2 3 2 2 5 17 3 27 2 2 2 2 2 2 1 4 2 2 4 2 2
2 3 2 2 5 4 3 17 3 2 2 2 2 2 1 4 2 2 4 2 2
2 3 2 2 5 5 3 17 3 2 2 2 2 2 1 4 2 2 4 2 2
2 3 2 2 5 6 3 17 3 2 2 2 2 2 1 4 2 2 4 2 2
2 3 2 2 5 17 3 27 3 2 2 2 2 2 1 4 2 2 4 2 2
2 3 2 2 4 5 4 17 2 2 2 2 2 2 1 3 2 2 6 2 2
2 3 2 2 4 6 4 17 2 2 2 2 2 2 1 3 2 2 6 2 2
2 3 2 2 4 17 4 27 2 2 2 2 2 2 1 3 2 2 6 2 2
2 3 2 3 4 5 3 17 2 2 2 2 2 2 1 3 2 2 6 2 2
2 3 2 3 5 4 3 17 2 2 2 2 2 2 1 3 2 2 6 2 2
2 3 2 3 5 5 3 17 2 2 2 2 2 2 1 3 2 2 6 2 2
2 3 2 3 5 4 3 17 2 2 2 2 2 2 1 4 2 2 4 2 2
2 3 2 3 4 5 4 17 2 2 2 2 2 2 1 3 2 2 6 2 2
2 3 2 3 5 4 3 17 3 2 2 2 2 2 1 4 2 2 4 2 2
