2 2 2 2 18 2 3 3 3 2 2 2 2 2 1 4 4 2 2 2 2
2 2 2 2 18 2 3 3 3 2 3 2 2 2 1 4 4 2 2 2 2
2 2 2 2 18 2 3 3 3 2 2 2 2 2 1 6 3 2 2 2 2
2 2 2 2 18 2 3 3 3 2 3 2 2 2 1 6 3 2 2 2 2
2 2 2 2 18 2 3 4 2 2 2 2 2 2 1 6 2 2 3 2 2
2 2 2 2 18 2 3 4 2 2 3 2 2 2 1 6 2 2 3 2 2
2 2 2 2 18 2 3 4 2 2 2 2 2 2 1 6 3 2 2 2 2
2 2 2 2 18 2 3 4 2 2 3 2 2 2 1 6 3 2 2 2 2
2 2 2 2 18 2 3 4 2 3 2 2 2 2 1 6 2 2 3 2 2
2 2 2 2 18 2 3 4 2 3 3 2 2 2 1 6 2 2 3 2 2
2 2 2 2 18 2 3 4 3 2 2 2 2 2 1 3 3 2 3 2 2
2 2 2 2 18 2 3 4 3 2 3 2 2 2 1 3 3 2 3 2 2
2 2 2 2 18 2 3 4 3 2 2 2 2 2 1 4 2 2 4 2 2
2 2 2 2 18 2 3 4 3 2 3 2 2 2 1 4 2 2 4 2 2
2 2 2 2 18 2 3 4 3 2 2 2 2 2 1 6 2 2 3 2 2
2 2 2 2 18 2 3 4 3 2 3 2 2 2 1 6 2 2 3 2 2
2 2 2 2 18 2 3 4 3 2 2 2 2 2 1 6 3 2 2 2 2
2 2 2 2 18 2 3 4 3 2 3 2 2 2 1 6 3 2 2 2 2
2 2 2 2 18 2 3 4 4 2 2 2 2 2 1 3 3 2 3 2 2
2 2 2 2 18 2 3 4 4 2 3 2 2 2 1 3 3 2 3 2 2
2 2 2 2 18 2 3 4 4 2 2 2 2 2 1 6 3 2 2 2 2
2 2 2 2 18 2 3 4 4 2 3 2 2 2 1 6 3 2 2 2 2
2 2 2 2 18 2 3 5 2 2 2 2 2 2 1 4 2 2 4 2 2
2 2 2 2 18 2 3 5 2 2 3 2 2 2 1 4 2 2 4 2 2
2 2 2 2 18 2 3 5 2 2 2 2 2 2 1 6 2 2 3 2 2
2 2 2 2 18 2 3 5 2 2 3 2 2 2 1 6 2 2 3 2 2
2 2 2 2 18 2 3 5 3 2 2 2 2 2 1 4 2 2 4 2 2
2 2 2 2 18 2 3 5 3 2 3 2 2 2 1 4 2 2 4 2 2
2 2 2 2 18 2 3 5 3 2 2 2 2 2 1 6 2 2 3 2 2
2 2 2 2 18 2 3 5 3 2 3 2 2 2 1 6 2 2 3 2 2
2 2 2 2 18 2 3 5 4 2 2 2 2 2 1 6 2 2 3 2 2
2 2 2 2 18 2 3 5 4 2 3 2 2 2 1 6 2 2 3 2 2
2 2 2 2 18 2 4 3 3 2 2 2 2 2 1 4 4 2 2 2 2
2 2 2 2 18 2 4 3 3 2 3 2 2 2 1 4 4 2 2 2 2
2 2 2 2 18 2 4 3 3 2 4 2 2 2 1 4 4 2 2 2 2
2 2 2 2 18 2 4 3 3 2 2 2 2 2 1 6 3 2 2 2 2
2 2 2 2 18 2 4 3 3 2 3 2 2 2 1 6 3 2 2 2 2
2 2 2 2 18 2 4 3 3 2 4 2 2 2 1 6 3 2 2 2 2
2 2 2 2 18 2 5 3 3 2 2 2 2 2 1 6 3 2 2 2 2
2 2 2 2 18 2 5 3 3 2 3 2 2 2 1 6 3 2 2 2 2
2 2 2 2 18 2 5 3 3 2 4 2 2 2 1 6 3 2 2 2 2
2 2 2 2 18 2 5 3 3 2 5 2 2 2 1 6 3 2 2 2 2
2 2 3 2 18 2 3 2 5 2 2 2 2 2 1 4 4 2 2 2 2
2 2 3 2 18 2 3 2 5 2 3 2 2 2 1 4 4 2 2 2 2
2 2 3 2 18 2 3 3 3 2 2 2 2 2 1 4 2 2 4 2 2
2 2 3 2 18 2 3 3 3 2 3 2 2 2 1 4 2 2 4 2 2
2 2 3 2 18 2 3 3 3 2 2 2 2 2 1 4 4 2 2 2 2
2 2 3 2 18 2 3 3 3 2 3 2 2 2 1 4 4 2 2 2 2
2 2 3 2 18 2 3 3 4 2 2 2 2 2 1 3 3 2 3 2 2
2 2 3 2 18 2 3 3 4 2 3 2 2 2 1 3 3 2 3 2 2
2 2 3 2 18 2 3 3 4 2 2 2 2 2 1 4 4 2 2 2 2
2 2 3 2 18 2 3 3 4 2 3 2 2 2 1 4 4 2 2 2 2
2 2 3 2 18 2 3 3 5 2 2 2 2 2 1 4 4 2 2 2 2
2 2 3 2 18 2 3 3 5 2 3 2 2 2 1 4 4 2 2 2 2
2 2 3 2 18 2 3 4 3 2 2 2 2 2 1 3 3 2 3 2 2
2 2 3 2 18 2 3 4 3 2 3 2 2 2 1 3 3 2 3 2 2
2 2 3 2 18 2 3 4 3 2 2 2 2 2 1 4 2 2 4 2 2
2 2 3 2 18 2 3 4 3 2 3 2 2 2 1 4 2 2 4 2 2
2 2 3 2 18 2 3 4 4 2 2 2 2 2 1 3 3 2 3 2 2
2 2 3 2 18 2 3 4 4 2 3 2 2 2 1 3 3 2 3 2 2
2 2 3 2 18 2 4 3 3 2 2 2 2 2 1 4 2 2 4 2 2
2 2 3 2 18 2 4 3 3 2 3 2 2 2 1 4 2 2 4 2 2
2 2 3 2 18 2 4 3 3 2 4 2 2 2 1 4 2 2 4 2 2
2 2 3 2 18 2 4 3 3 2 2 2 2 2 1 4 4 2 2 2 2
2 2 3 2 18 2 4 3 3 2 3 2 2 2 1 4 4 2 2 2 2
2 2 3 2 18 2 4 3 3 2 4 2 2 2 1 4 4 2 2 2 2
2 2 4 2 18 2 3 3 4 2 2 2 2 2 1 3 3 2 3 2 2
2 2 4 2 18 2 3 3 4 2 3 2 2 2 1 3 3 2 3 2 2
2 2 5 2 18 2 3 3 4 2 2 2 2 2 1 3 3 2 3 2 2
2 2 5 2 18 2 3 3 4 2 3 2 2 2 1 3 3 2 3 2 2
2 3 2 2 18 2 2 3 3 2 2 2 2 2 1 4 4 2 2 2 2
2 3 2 2 18 2 2 3 3 2 3 2 2 2 1 4 4 2 2 2 2
2 3 2 2 18 2 2 3 3 2 4 2 2 2 1 4 4 2 2 2 2
2 3 2 2 18 3 2 3 3 2 2 2 2 2 1 4 4 2 2 2 2
2 3 2 2 18 2 2 3 3 2 2 2 2 2 1 6 3 2 2 2 2
2 3 2 2 18 2 2 3 3 2 3 2 2 2 1 6 3 2 2 2 2
2 3 2 2 18 2 2 3 3 2 4 2 2 2 1 6 3 2 2 2 2
2 3 2 2 18 2 2 3 3 2 5 2 2 2 1 6 3 2 2 2 2
2 3 2 2 18 3 2 3 3 2 2 2 2 2 1 6 3 2 2 2 2
2 3 2 2 18 2 2 4 2 2 2 2 2 2 1 6 2 2 3 2 2
2 3 2 2 18 2 2 4 2 2 3 2 2 2 1 6 2 2 3 2 2
2 3 2 2 18 3 2 4 2 2 2 2 2 2 1 6 2 2 3 2 2
2 3 2 2 18 2 2 4 2 2 2 2 2 2 1 6 3 2 2 2 2
2 3 2 2 18 2 2 4 2 2 3 2 2 2 1 6 3 2 2 2 2
2 3 2 2 18 3 2 4 2 2 2 2 2 2 1 6 3 2 2 2 2
2 3 2 2 18 2 2 4 2 3 2 2 2 2 1 6 2 2 3 2 2
2 3 2 2 18 2 2 4 2 3 3 2 2 2 1 6 2 2 3 2 2
2 3 2 2 18 3 2 4 2 3 2 2 2 2 1 6 2 2 3 2 2
2 3 2 2 18 2 2 4 3 2 2 2 2 2 1 3 3 2 3 2 2
2 3 2 2 18 2 2 4 3 2 3 2 2 2 1 3 3 2 3 2 2
2 3 2 2 18 3 2 4 3 2 2 2 2 2 1 3 3 2 3 2 2
2 3 2 2 18 2 2 4 3 2 2 2 2 2 1 4 2 2 4 2 2
2 3 2 2 18 2 2 4 3 2 3 2 2 2 1 4 2 2 4 2 2
2 3 2 2 18 3 2 4 3 2 2 2 2 2 1 4 2 2 4 2 2
2 3 2 2 18 2 2 4 3 2 2 2 2 2 1 6 2 2 3 2 2
2 3 2 2 18 2 2 4 3 2 3 2 2 2 1 6 2 2 3 2 2
2 3 2 2 18 3 2 4 3 2 2 2 2 2 1 6 2 2 3 2 2
2 3 2 2 18 2 2 4 3 2 2 2 2 2 1 6 3 2 2 2 2
2 3 2 2 18 2 2 4 3 2 3 2 2 2 1 6 3 2 2 2 2
2 3 2 2 18 3 2 4 3 2 2 2 2 2 1 6 3 2 2 2 2
2 3 2 2 18 2 2 4 4 2 2 2 2 2 1 3 3 2 3 2 2
2 3 2 2 18 2 2 4 4 2 3 2 2 2 1 3 3 2 3 2 2
2 3 2 2 18 3 2 4 4 2 2 2 2 2 1 3 3 2 3 2 2
2 3 2 2 18 2 2 4 4 2 2 2 2 2 1 6 3 2 2 2 2
2 3 2 2 18 2 2 4 4 2 3 2 2 2 1 6 3 2 2 2 2
2 3 2 2 18 3 2 4 4 2 2 2 2 2 1 6 3 2 2 2 2
2 3 2 2 18 2 2 5 2 2 2 2 2 2 1 4 2 2 4 2 2
2 3 2 2 18 2 2 5 2 2 3 2 2 2 1 4 2 2 4 2 2
2 3 2 2 18 3 2 5 2 2 2 2 2 2 1 4 2 2 4 2 2
2 3 2 2 18 2 2 5 2 3 2 2 2 2 1 4 2 2 4 2 2
2 3 2 2 18 3 2 5 2 3 2 2 2 2 1 4 2 2 4 2 2
2 3 2 2 18 2 2 5 2 2 2 2 2 2 1 6 2 2 3 2 2
2 3 2 2 18 2 2 5 2 2 3 2 2 2 1 6 2 2 3 2 2
2 3 2 2 18 3 2 5 2 2 2 2 2 2 1 6 2 2 3 2 2
2 3 2 2 18 2 2 5 2 2 2 2 2 2 1 6 3 2 2 2 2
2 3 2 2 18 3 2 5 2 2 2 2 2 2 1 6 3 2 2 2 2
2 3 2 2 18 2 2 5 2 3 2 2 2 2 1 6 2 2 3 2 2
2 3 2 2 18 3 2 5 2 3 2 2 2 2 1 6 2 2 3 2 2
2 3 2 2 18 2 2 5 3 2 2 2 2 2 1 3 3 2 3 2 2
2 3 2 2 18 3 2 5 3 2 2 2 2 2 1 3 3 2 3 2 2
2 3 2 2 18 2 2 5 3 2 2 2 2 2 1 4 2 2 4 2 2
2 3 2 2 18 2 2 5 3 2 3 2 2 2 1 4 2 2 4 2 2
2 3 2 2 18 3 2 5 3 2 2 2 2 2 1 4 2 2 4 2 2
2 3 2 2 18 2 2 5 3 2 2 2 2 2 1 6 2 2 3 2 2
2 3 2 2 18 2 2 5 3 2 3 2 2 2 1 6 2 2 3 2 2
2 3 2 2 18 3 2 5 3 2 2 2 2 2 1 6 2 2 3 2 2
2 3 2 2 18 2 2 5 3 2 2 2 2 2 1 6 3 2 2 2 2
2 3 2 2 18 3 2 5 3 2 2 2 2 2 1 6 3 2 2 2 2
2 3 2 2 18 2 2 5 4 2 2 2 2 2 1 3 3 2 3 2 2
2 3 2 2 18 3 2 5 4 2 2 2 2 2 1 3 3 2 3 2 2
2 3 2 2 18 2 2 5 4 2 2 2 2 2 1 6 2 2 3 2 2
2 3 2 2 18 2 2 5 4 2 3 2 2 2 1 6 2 2 3 2 2
2 3 2 2 18 3 2 5 4 2 2 2 2 2 1 6 2 2 3 2 2
2 3 2 2 18 2 2 5 4 2 2 2 2 2 1 6 3 2 2 2 2
2 3 2 2 18 3 2 5 4 2 2 2 2 2 1 6 3 2 2 2 2
2 3 2 2 18 2 2 5 5 2 2 2 2 2 1 3 3 2 3 2 2
2 3 2 2 18 3 2 5 5 2 2 2 2 2 1 3 3 2 3 2 2
2 3 2 2 18 2 2 5 5 2 2 2 2 2 1 6 3 2 2 2 2
2 3 2 2 18 3 2 5 5 2 2 2 2 2 1 6 3 2 2 2 2
2 3 2 2 18 2 2 6 2 2 2 2 2 2 1 4 2 2 4 2 2
2 3 2 2 18 3 2 6 2 2 2 2 2 2 1 4 2 2 4 2 2
2 3 2 2 18 2 2 6 2 2 2 2 2 2 1 6 2 2 3 2 2
2 3 2 2 18 3 2 6 2 2 2 2 2 2 1 6 2 2 3 2 2
2 3 2 2 18 2 2 6 3 2 2 2 2 2 1 4 2 2 4 2 2
2 3 2 2 18 3 2 6 3 2 2 2 2 2 1 4 2 2 4 2 2
2 3 2 2 18 2 2 6 3 2 2 2 2 2 1 6 2 2 3 2 2
2 3 2 2 18 3 2 6 3 2 2 2 2 2 1 6 2 2 3 2 2
2 3 2 2 18 2 2 6 4 2 2 2 2 2 1 6 2 2 3 2 2
2 3 2 2 18 3 2 6 4 2 2 2 2 2 1 6 2 2 3 2 2
2 3 2 2 18 2 2 6 5 2 2 2 2 2 1 6 2 2 3 2 2
2 3 2 2 18 3 2 6 5 2 2 2 2 2 1 6 2 2 3 2 2
2 3 2 2 18 2 2 17 2 2 2 2 2 2 1 3 2 2 6 2 2
2 3 2 2 18 3 2 17 2 2 2 2 2 2 1 3 2 2 6 2 2
2 3 2 2 18 2 2 17 2 2 2 2 2 2 1 4 2 2 4 2 2
2 3 2 2 18 3 2 17 2 2 2 2 2 2 1 4 2 2 4 2 2
2 3 2 2 18 2 2 17 2 2 2 2 2 2 1 6 2 2 3 2 2
2 3 2 2 18 3 2 17 2 2 2 2 2 2 1 6 2 2 3 2 2
2 3 2 2 18 2 2 17 3 2 2 2 2 2 1 4 2 2 4 2 2
2 3 2 2 18 3 2 17 3 2 2 2 2 2 1 4 2 2 4 2 2
2 3 2 2 18 2 2 17 3 2 2 2 2 2 1 6 2 2 3 2 2
2 3 2 2 18 3 2 17 3 2 2 2 2 2 1 6 2 2 3 2 2
2 3 2 2 18 2 2 17 4 2 2 2 2 2 1 6 2 2 3 2 2
2 3 2 2 18 3 2 17 4 2 2 2 2 2 1 6 2 2 3 2 2
2 3 2 2 18 2 2 17 5 2 2 2 2 2 1 6 2 2 3 2 2
2 3 2 2 18 3 2 17 5 2 2 2 2 2 1 6 2 2 3 2 2
2 3 2 2 18 2 3 3 3 2 2 2 2 2 1 4 4 2 2 2 2
2 3 2 2 18 2 3 3 3 2 3 2 2 2 1 4 4 2 2 2 2
2 3 2 2 18 2 3 3 3 2 4 2 2 2 1 4 4 2 2 2 2
2 3 2 2 18 3 3 3 3 2 2 2 2 2 1 4 4 2 2 2 2
2 3 2 2 18 3 3 3 3 2 3 2 2 2 1 4 4 2 2 2 2
2 3 2 2 18 2 3 3 3 2 2 2 2 2 1 6 3 2 2 2 2
2 3 2 2 18 2 3 3 3 2 3 2 2 2 1 6 3 2 2 2 2
2 3 2 2 18 2 3 3 3 2 4 2 2 2 1 6 3 2 2 2 2
2 3 2 2 18 2 3 3 3 2 5 2 2 2 1 6 3 2 2 2 2
2 3 2 2 18 3 3 3 3 2 2 2 2 2 1 6 3 2 2 2 2
2 3 2 2 18 3 3 3 3 2 3 2 2 2 1 6 3 2 2 2 2
2 3 2 2 18 2 3 4 2 2 2 2 2 2 1 6 2 2 3 2 2
2 3 2 2 18 2 3 4 2 2 3 2 2 2 1 6 2 2 3 2 2
2 3 2 2 18 3 3 4 2 2 2 2 2 2 1 6 2 2 3 2 2
2 3 2 2 18 3 3 4 2 2 3 2 2 2 1 6 2 2 3 2 2
2 3 2 2 18 2 3 4 2 2 2 2 2 2 1 6 3 2 2 2 2
2 3 2 2 18 2 3 4 2 2 3 2 2 2 1 6 3 2 2 2 2
2 3 2 2 18 3 3 4 2 2 2 2 2 2 1 6 3 2 2 2 2
2 3 2 2 18 3 3 4 2 2 3 2 2 2 1 6 3 2 2 2 2
2 3 2 2 18 2 3 4 2 3 2 2 2 2 1 6 2 2 3 2 2
2 3 2 2 18 2 3 4 2 3 3 2 2 2 1 6 2 2 3 2 2
2 3 2 2 18 3 3 4 2 3 2 2 2 2 1 6 2 2 3 2 2
2 3 2 2 18 3 3 4 2 3 3 2 2 2 1 6 2 2 3 2 2
2 3 2 2 18 2 3 4 3 2 2 2 2 2 1 3 3 2 3 2 2
2 3 2 2 18 2 3 4 3 2 3 2 2 2 1 3 3 2 3 2 2
2 3 2 2 18 3 3 4 3 2 2 2 2 2 1 3 3 2 3 2 2
2 3 2 2 18 3 3 4 3 2 3 2 2 2 1 3 3 2 3 2 2
2 3 2 2 18 2 3 4 3 2 2 2 2 2 1 4 2 2 4 2 2
2 3 2 2 18 2 3 4 3 2 3 2 2 2 1 4 2 2 4 2 2
2 3 2 2 18 3 3 4 3 2 2 2 2 2 1 4 2 2 4 2 2
2 3 2 2 18 3 3 4 3 2 3 2 2 2 1 4 2 2 4 2 2
2 3 2 2 18 2 3 4 3 2 2 2 2 2 1 6 2 2 3 2 2
2 3 2 2 18 2 3 4 3 2 3 2 2 2 1 6 2 2 3 2 2
2 3 2 2 18 3 3 4 3 2 2 2 2 2 1 6 2 2 3 2 2
2 3 2 2 18 3 3 4 3 2 3 2 2 2 1 6 2 2 3 2 2
2 3 2 2 18 2 3 4 3 2 2 2 2 2 1 6 3 2 2 2 2
2 3 2 2 18 2 3 4 3 2 3 2 2 2 1 6 3 2 2 2 2
2 3 2 2 18 3 3 4 3 2 2 2 2 2 1 6 3 2 2 2 2
2 3 2 2 18 3 3 4 3 2 3 2 2 2 1 6 3 2 2 2 2
2 3 2 2 18 2 3 4 4 2 2 2 2 2 1 3 3 2 3 2 2
2 3 2 2 18 2 3 4 4 2 3 2 2 2 1 3 3 2 3 2 2
2 3 2 2 18 3 3 4 4 2 2 2 2 2 1 3 3 2 3 2 2
2 3 2 2 18 3 3 4 4 2 3 2 2 2 1 3 3 2 3 2 2
2 3 2 2 18 2 3 4 4 2 2 2 2 2 1 6 3 2 2 2 2
2 3 2 2 18 2 3 4 4 2 3 2 2 2 1 6 3 2 2 2 2
2 3 2 2 18 3 3 4 4 2 2 2 2 2 1 6 3 2 2 2 2
2 3 2 2 18 3 3 4 4 2 3 2 2 2 1 6 3 2 2 2 2
2 3 2 2 18 2 3 5 2 2 2 2 2 2 1 4 2 2 4 2 2
2 3 2 2 18 2 3 5 2 2 3 2 2 2 1 4 2 2 4 2 2
2 3 2 2 18 3 3 5 2 2 2 2 2 2 1 4 2 2 4 2 2
2 3 2 2 18 3 3 5 2 2 3 2 2 2 1 4 2 2 4 2 2
2 3 2 2 18 2 3 5 2 2 2 2 2 2 1 6 2 2 3 2 2
2 3 2 2 18 2 3 5 2 2 3 2 2 2 1 6 2 2 3 2 2
2 3 2 2 18 3 3 5 2 2 2 2 2 2 1 6 2 2 3 2 2
2 3 2 2 18 3 3 5 2 2 3 2 2 2 1 6 2 2 3 2 2
2 3 2 2 18 2 3 5 3 2 2 2 2 2 1 4 2 2 4 2 2
2 3 2 2 18 2 3 5 3 2 3 2 2 2 1 4 2 2 4 2 2
2 3 2 2 18 3 3 5 3 2 2 2 2 2 1 4 2 2 4 2 2
2 3 2 2 18 3 3 5 3 2 3 2 2 2 1 4 2 2 4 2 2
2 3 2 2 18 2 3 5 3 2 2 2 2 2 1 6 2 2 3 2 2
2 3 2 2 18 2 3 5 3 2 3 2 2 2 1 6 2 2 3 2 2
2 3 2 2 18 3 3 5 3 2 2 2 2 2 1 6 2 2 3 2 2
2 3 2 2 18 3 3 5 3 2 3 2 2 2 1 6 2 2 3 2 2
2 3 2 2 18 2 3 5 4 2 2 2 2 2 1 6 2 2 3 2 2
2 3 2 2 18 2 3 5 4 2 3 2 2 2 1 6 2 2 3 2 2
2 3 2 2 18 3 3 5 4 2 2 2 2 2 1 6 2 2 3 2 2
2 3 2 2 18 3 3 5 4 2 3 2 2 2 1 6 2 2 3 2 2
2 3 2 2 18 2 4 3 3 2 2 2 2 2 1 4 4 2 2 2 2
2 3 2 2 18 2 4 3 3 2 3 2 2 2 1 4 4 2 2 2 2
2 3 2 2 18 2 4 3 3 2 4 2 2 2 1 4 4 2 2 2 2
2 3 2 2 18 3 4 3 3 2 2 2 2 2 1 4 4 2 2 2 2
2 3 2 2 18 3 4 3 3 2 3 2 2 2 1 4 4 2 2 2 2
2 3 2 2 18 3 4 3 3 2 4 2 2 2 1 4 4 2 2 2 2
2 3 2 2 18 2 4 3 3 2 2 2 2 2 1 6 3 2 2 2 2
2 3 2 2 18 2 4 3 3 2 3 2 2 2 1 6 3 2 2 2 2
2 3 2 2 18 2 4 3 3 2 4 2 2 2 1 6 3 2 2 2 2
2 3 2 2 18 2 4 3 3 2 5 2 2 2 1 6 3 2 2 2 2
2 3 2 2 18 3 4 3 3 2 2 2 2 2 1 6 3 2 2 2 2
2 3 2 2 18 3 4 3 3 2 3 2 2 2 1 6 3 2 2 2 2
2 3 2 2 18 3 4 3 3 2 4 2 2 2 1 6 3 2 2 2 2
2 3 3 2 18 2 2 2 5 2 2 2 2 2 1 4 4 2 2 2 2
2 3 3 2 18 2 2 2 5 2 3 2 2 2 1 4 4 2 2 2 2
2 3 3 2 18 3 2 2 5 2 2 2 2 2 1 4 4 2 2 2 2
2 3 3 2 18 2 2 2 5 3 2 2 2 2 1 4 4 2 2 2 2
2 3 3 2 18 3 2 2 5 3 2 2 2 2 1 4 4 2 2 2 2
2 3 3 2 18 2 2 2 6 2 2 2 2 2 1 4 4 2 2 2 2
2 3 3 2 18 3 2 2 6 2 2 2 2 2 1 4 4 2 2 2 2
2 3 3 2 18 2 2 2 17 2 2 2 2 2 1 3 6 2 2 2 2
2 3 3 2 18 3 2 2 17 2 2 2 2 2 1 3 6 2 2 2 2
2 3 3 2 18 2 2 2 17 2 2 2 2 2 1 4 4 2 2 2 2
2 3 3 2 18 3 2 2 17 2 2 2 2 2 1 4 4 2 2 2 2
2 3 3 2 18 2 2 3 3 2 2 2 2 2 1 4 2 2 4 2 2
2 3 3 2 18 2 2 3 3 2 3 2 2 2 1 4 2 2 4 2 2
2 3 3 2 18 2 2 3 3 2 4 2 2 2 1 4 2 2 4 2 2
2 3 3 2 18 3 2 3 3 2 2 2 2 2 1 4 2 2 4 2 2
2 3 3 2 18 2 2 3 3 2 2 2 2 2 1 4 4 2 2 2 2
2 3 3 2 18 2 2 3 3 2 3 2 2 2 1 4 4 2 2 2 2
2 3 3 2 18 2 2 3 3 2 4 2 2 2 1 4 4 2 2 2 2
2 3 3 2 18 3 2 3 3 2 2 2 2 2 1 4 4 2 2 2 2
2 3 3 2 18 2 2 3 4 2 2 2 2 2 1 3 3 2 3 2 2
2 3 3 2 18 2 2 3 4 2 3 2 2 2 1 3 3 2 3 2 2
2 3 3 2 18 3 2 3 4 2 2 2 2 2 1 3 3 2 3 2 2
2 3 3 2 18 2 2 3 4 2 2 2 2 2 1 4 4 2 2 2 2
2 3 3 2 18 2 2 3 4 2 3 2 2 2 1 4 4 2 2 2 2
2 3 3 2 18 3 2 3 4 2 2 2 2 2 1 4 4 2 2 2 2
2 3 3 2 18 2 2 3 5 2 2 2 2 2 1 3 3 2 3 2 2
2 3 3 2 18 3 2 3 5 2 2 2 2 2 1 3 3 2 3 2 2
2 3 3 2 18 2 2 3 5 2 2 2 2 2 1 4 4 2 2 2 2
2 3 3 2 18 2 2 3 5 2 3 2 2 2 1 4 4 2 2 2 2
2 3 3 2 18 3 2 3 5 2 2 2 2 2 1 4 4 2 2 2 2
2 3 3 2 18 2 2 3 6 2 2 2 2 2 1 4 4 2 2 2 2
2 3 3 2 18 3 2 3 6 2 2 2 2 2 1 4 4 2 2 2 2
2 3 3 2 18 2 2 3 17 2 2 2 2 2 1 4 4 2 2 2 2
2 3 3 2 18 3 2 3 17 2 2 2 2 2 1 4 4 2 2 2 2
2 3 3 2 18 2 2 4 3 2 2 2 2 2 1 3 3 2 3 2 2
2 3 3 2 18 2 2 4 3 2 3 2 2 2 1 3 3 2 3 2 2
2 3 3 2 18 3 2 4 3 2 2 2 2 2 1 3 3 2 3 2 2
2 3 3 2 18 2 2 4 3 2 2 2 2 2 1 4 2 2 4 2 2
2 3 3 2 18 2 2 4 3 2 3 2 2 2 1 4 2 2 4 2 2
2 3 3 2 18 3 2 4 3 2 2 2 2 2 1 4 2 2 4 2 2
2 3 3 2 18 2 2 4 4 2 2 2 2 2 1 3 3 2 3 2 2
2 3 3 2 18 2 2 4 4 2 3 2 2 2 1 3 3 2 3 2 2
2 3 3 2 18 3 2 4 4 2 2 2 2 2 1 3 3 2 3 2 2
2 3 3 2 18 2 2 4 5 2 2 2 2 2 1 3 3 2 3 2 2
2 3 3 2 18 3 2 4 5 2 2 2 2 2 1 3 3 2 3 2 2
2 3 3 2 18 2 2 5 2 2 2 2 2 2 1 4 2 2 4 2 2
2 3 3 2 18 3 2 5 2 2 2 2 2 2 1 4 2 2 4 2 2
2 3 3 2 18 2 2 5 2 3 2 2 2 2 1 4 2 2 4 2 2
2 3 3 2 18 3 2 5 2 3 2 2 2 2 1 4 2 2 4 2 2
2 3 3 2 18 2 2 5 3 2 2 2 2 2 1 3 3 2 3 2 2
2 3 3 2 18 3 2 5 3 2 2 2 2 2 1 3 3 2 3 2 2
2 3 3 2 18 2 2 5 3 2 2 2 2 2 1 4 2 2 4 2 2
2 3 3 2 18 3 2 5 3 2 2 2 2 2 1 4 2 2 4 2 2
2 3 3 2 18 2 2 5 4 2 2 2 2 2 1 3 3 2 3 2 2
2 3 3 2 18 3 2 5 4 2 2 2 2 2 1 3 3 2 3 2 2
2 3 3 2 18 2 2 5 5 2 2 2 2 2 1 3 3 2 3 2 2
2 3 3 2 18 3 2 5 5 2 2 2 2 2 1 3 3 2 3 2 2
2 3 3 2 18 2 3 2 5 2 2 2 2 2 1 4 4 2 2 2 2
2 3 3 2 18 2 3 2 5 2 3 2 2 2 1 4 4 2 2 2 2
2 3 3 2 18 3 3 2 5 2 2 2 2 2 1 4 4 2 2 2 2
2 3 3 2 18 3 3 2 5 2 3 2 2 2 1 4 4 2 2 2 2
2 3 4 2 18 2 2 2 17 2 2 2 2 2 1 3 6 2 2 2 2
2 3 4 2 18 3 2 2 17 2 2 2 2 2 1 3 6 2 2 2 2
2 3 4 2 18 2 2 3 4 2 2 2 2 2 1 3 3 2 3 2 2
2 3 4 2 18 2 2 3 4 2 3 2 2 2 1 3 3 2 3 2 2
2 3 4 2 18 3 2 3 4 2 2 2 2 2 1 3 3 2 3 2 2
2 3 4 2 18 2 2 3 5 2 2 2 2 2 1 3 3 2 3 2 2
2 3 4 2 18 3 2 3 5 2 2 2 2 2 1 3 3 2 3 2 2
2 4 2 2 18 2 2 3 3 2 2 2 2 2 1 4 4 2 2 2 2
2 4 2 2 18 2 2 3 3 2 3 2 2 2 1 4 4 2 2 2 2
2 4 2 2 18 2 2 3 3 2 4 2 2 2 1 4 4 2 2 2 2
2 4 2 2 18 3 2 3 3 2 2 2 2 2 1 4 4 2 2 2 2
2 4 2 2 18 3 2 3 3 2 3 2 2 2 1 4 4 2 2 2 2
2 4 2 2 18 3 2 3 3 2 4 2 2 2 1 4 4 2 2 2 2
2 4 2 2 18 4 2 3 3 2 2 2 2 2 1 4 4 2 2 2 2
2 4 2 2 18 2 2 3 3 2 2 2 2 2 1 6 3 2 2 2 2
2 4 2 2 18 2 2 3 3 2 3 2 2 2 1 6 3 2 2 2 2
2 4 2 2 18 2 2 3 3 2 4 2 2 2 1 6 3 2 2 2 2
2 4 2 2 18 2 2 3 3 2 5 2 2 2 1 6 3 2 2 2 2
2 4 2 2 18 3 2 3 3 2 2 2 2 2 1 6 3 2 2 2 2
2 4 2 2 18 3 2 3 3 2 3 2 2 2 1 6 3 2 2 2 2
2 4 2 2 18 3 2 3 3 2 4 2 2 2 1 6 3 2 2 2 2
2 4 2 2 18 4 2 3 3 2 2 2 2 2 1 6 3 2 2 2 2
2 4 2 2 18 2 2 4 2 2 2 2 2 2 1 6 2 2 3 2 2
2 4 2 2 18 2 2 4 2 2 3 2 2 2 1 6 2 2 3 2 2
2 4 2 2 18 3 2 4 2 2 2 2 2 2 1 6 2 2 3 2 2
2 4 2 2 18 3 2 4 2 2 3 2 2 2 1 6 2 2 3 2 2
2 4 2 2 18 4 2 4 2 2 2 2 2 2 1 6 2 2 3 2 2
2 4 2 2 18 2 2 4 2 2 2 2 2 2 1 6 3 2 2 2 2
2 4 2 2 18 2 2 4 2 2 3 2 2 2 1 6 3 2 2 2 2
2 4 2 2 18 3 2 4 2 2 2 2 2 2 1 6 3 2 2 2 2
2 4 2 2 18 3 2 4 2 2 3 2 2 2 1 6 3 2 2 2 2
2 4 2 2 18 4 2 4 2 2 2 2 2 2 1 6 3 2 2 2 2
2 4 2 2 18 2 2 4 2 3 2 2 2 2 1 6 2 2 3 2 2
2 4 2 2 18 2 2 4 2 3 3 2 2 2 1 6 2 2 3 2 2
2 4 2 2 18 3 2 4 2 3 2 2 2 2 1 6 2 2 3 2 2
2 4 2 2 18 3 2 4 2 3 3 2 2 2 1 6 2 2 3 2 2
2 4 2 2 18 4 2 4 2 3 2 2 2 2 1 6 2 2 3 2 2
2 4 2 2 18 2 2 4 3 2 2 2 2 2 1 3 3 2 3 2 2
2 4 2 2 18 2 2 4 3 2 3 2 2 2 1 3 3 2 3 2 2
2 4 2 2 18 3 2 4 3 2 2 2 2 2 1 3 3 2 3 2 2
2 4 2 2 18 3 2 4 3 2 3 2 2 2 1 3 3 2 3 2 2
2 4 2 2 18 4 2 4 3 2 2 2 2 2 1 3 3 2 3 2 2
2 4 2 2 18 2 2 4 3 2 2 2 2 2 1 4 2 2 4 2 2
2 4 2 2 18 2 2 4 3 2 3 2 2 2 1 4 2 2 4 2 2
2 4 2 2 18 3 2 4 3 2 2 2 2 2 1 4 2 2 4 2 2
2 4 2 2 18 3 2 4 3 2 3 2 2 2 1 4 2 2 4 2 2
2 4 2 2 18 4 2 4 3 2 2 2 2 2 1 4 2 2 4 2 2
2 4 2 2 18 2 2 4 3 2 2 2 2 2 1 6 2 2 3 2 2
2 4 2 2 18 2 2 4 3 2 3 2 2 2 1 6 2 2 3 2 2
2 4 2 2 18 3 2 4 3 2 2 2 2 2 1 6 2 2 3 2 2
2 4 2 2 18 3 2 4 3 2 3 2 2 2 1 6 2 2 3 2 2
2 4 2 2 18 4 2 4 3 2 2 2 2 2 1 6 2 2 3 2 2
2 4 2 2 18 2 2 4 3 2 2 2 2 2 1 6 3 2 2 2 2
2 4 2 2 18 2 2 4 3 2 3 2 2 2 1 6 3 2 2 2 2
2 4 2 2 18 3 2 4 3 2 2 2 2 2 1 6 3 2 2 2 2
2 4 2 2 18 3 2 4 3 2 3 2 2 2 1 6 3 2 2 2 2
2 4 2 2 18 4 2 4 3 2 2 2 2 2 1 6 3 2 2 2 2
2 4 2 2 18 2 2 4 4 2 2 2 2 2 1 3 3 2 3 2 2
2 4 2 2 18 2 2 4 4 2 3 2 2 2 1 3 3 2 3 2 2
2 4 2 2 18 3 2 4 4 2 2 2 2 2 1 3 3 2 3 2 2
2 4 2 2 18 3 2 4 4 2 3 2 2 2 1 3 3 2 3 2 2
2 4 2 2 18 4 2 4 4 2 2 2 2 2 1 3 3 2 3 2 2
2 4 2 2 18 2 2 4 4 2 2 2 2 2 1 6 3 2 2 2 2
2 4 2 2 18 2 2 4 4 2 3 2 2 2 1 6 3 2 2 2 2
2 4 2 2 18 3 2 4 4 2 2 2 2 2 1 6 3 2 2 2 2
2 4 2 2 18 3 2 4 4 2 3 2 2 2 1 6 3 2 2 2 2
2 4 2 2 18 4 2 4 4 2 2 2 2 2 1 6 3 2 2 2 2
2 4 2 2 18 2 2 5 2 2 2 2 2 2 1 4 2 2 4 2 2
2 4 2 2 18 2 2 5 2 2 3 2 2 2 1 4 2 2 4 2 2
2 4 2 2 18 3 2 5 2 2 2 2 2 2 1 4 2 2 4 2 2
2 4 2 2 18 3 2 5 2 2 3 2 2 2 1 4 2 2 4 2 2
2 4 2 2 18 4 2 5 2 2 2 2 2 2 1 4 2 2 4 2 2
2 4 2 2 18 2 2 5 2 3 2 2 2 2 1 4 2 2 4 2 2
2 4 2 2 18 3 2 5 2 3 2 2 2 2 1 4 2 2 4 2 2
2 4 2 2 18 4 2 5 2 3 2 2 2 2 1 4 2 2 4 2 2
2 4 2 2 18 2 2 5 2 2 2 2 2 2 1 6 2 2 3 2 2
2 4 2 2 18 2 2 5 2 2 3 2 2 2 1 6 2 2 3 2 2
2 4 2 2 18 3 2 5 2 2 2 2 2 2 1 6 2 2 3 2 2
2 4 2 2 18 3 2 5 2 2 3 2 2 2 1 6 2 2 3 2 2
2 4 2 2 18 4 2 5 2 2 2 2 2 2 1 6 2 2 3 2 2
2 4 2 2 18 2 2 5 2 2 2 2 2 2 1 6 3 2 2 2 2
2 4 2 2 18 3 2 5 2 2 2 2 2 2 1 6 3 2 2 2 2
2 4 2 2 18 4 2 5 2 2 2 2 2 2 1 6 3 2 2 2 2
2 4 2 2 18 2 2 5 2 3 2 2 2 2 1 6 2 2 3 2 2
2 4 2 2 18 3 2 5 2 3 2 2 2 2 1 6 2 2 3 2 2
2 4 2 2 18 4 2 5 2 3 2 2 2 2 1 6 2 2 3 2 2
2 4 2 2 18 2 2 5 3 2 2 2 2 2 1 3 3 2 3 2 2
2 4 2 2 18 3 2 5 3 2 2 2 2 2 1 3 3 2 3 2 2
2 4 2 2 18 4 2 5 3 2 2 2 2 2 1 3 3 2 3 2 2
2 4 2 2 18 2 2 5 3 2 2 2 2 2 1 4 2 2 4 2 2
2 4 2 2 18 2 2 5 3 2 3 2 2 2 1 4 2 2 4 2 2
2 4 2 2 18 3 2 5 3 2 2 2 2 2 1 4 2 2 4 2 2
2 4 2 2 18 3 2 5 3 2 3 2 2 2 1 4 2 2 4 2 2
2 4 2 2 18 4 2 5 3 2 2 2 2 2 1 4 2 2 4 2 2
2 4 2 2 18 2 2 5 3 2 2 2 2 2 1 6 2 2 3 2 2
2 4 2 2 18 2 2 5 3 2 3 2 2 2 1 6 2 2 3 2 2
2 4 2 2 18 3 2 5 3 2 2 2 2 2 1 6 2 2 3 2 2
2 4 2 2 18 3 2 5 3 2 3 2 2 2 1 6 2 2 3 2 2
2 4 2 2 18 4 2 5 3 2 2 2 2 2 1 6 2 2 3 2 2
2 4 2 2 18 2 2 5 3 2 2 2 2 2 1 6 3 2 2 2 2
2 4 2 2 18 3 2 5 3 2 2 2 2 2 1 6 3 2 2 2 2
2 4 2 2 18 4 2 5 3 2 2 2 2 2 1 6 3 2 2 2 2
2 4 2 2 18 2 2 5 4 2 2 2 2 2 1 3 3 2 3 2 2
2 4 2 2 18 3 2 5 4 2 2 2 2 2 1 3 3 2 3 2 2
2 4 2 2 18 4 2 5 4 2 2 2 2 2 1 3 3 2 3 2 2
2 4 2 2 18 2 2 5 4 2 2 2 2 2 1 6 2 2 3 2 2
2 4 2 2 18 2 2 5 4 2 3 2 2 2 1 6 2 2 3 2 2
2 4 2 2 18 3 2 5 4 2 2 2 2 2 1 6 2 2 3 2 2
2 4 2 2 18 3 2 5 4 2 3 2 2 2 1 6 2 2 3 2 2
2 4 2 2 18 4 2 5 4 2 2 2 2 2 1 6 2 2 3 2 2
2 4 2 2 18 2 2 5 4 2 2 2 2 2 1 6 3 2 2 2 2
2 4 2 2 18 3 2 5 4 2 2 2 2 2 1 6 3 2 2 2 2
2 4 2 2 18 4 2 5 4 2 2 2 2 2 1 6 3 2 2 2 2
2 4 2 2 18 2 2 5 5 2 2 2 2 2 1 3 3 2 3 2 2
2 4 2 2 18 3 2 5 5 2 2 2 2 2 1 3 3 2 3 2 2
2 4 2 2 18 4 2 5 5 2 2 2 2 2 1 3 3 2 3 2 2
2 4 2 2 18 2 2 5 5 2 2 2 2 2 1 6 3 2 2 2 2
2 4 2 2 18 3 2 5 5 2 2 2 2 2 1 6 3 2 2 2 2
2 4 2 2 18 4 2 5 5 2 2 2 2 2 1 6 3 2 2 2 2
2 4 2 2 18 2 2 6 2 2 2 2 2 2 1 4 2 2 4 2 2
2 4 2 2 18 3 2 6 2 2 2 2 2 2 1 4 2 2 4 2 2
2 4 2 2 18 4 2 6 2 2 2 2 2 2 1 4 2 2 4 2 2
2 4 2 2 18 2 2 6 2 2 2 2 2 2 1 6 2 2 3 2 2
2 4 2 2 18 3 2 6 2 2 2 2 2 2 1 6 2 2 3 2 2
2 4 2 2 18 4 2 6 2 2 2 2 2 2 1 6 2 2 3 2 2
2 4 2 2 18 2 2 6 3 2 2 2 2 2 1 4 2 2 4 2 2
2 4 2 2 18 3 2 6 3 2 2 2 2 2 1 4 2 2 4 2 2
2 4 2 2 18 4 2 6 3 2 2 2 2 2 1 4 2 2 4 2 2
2 4 2 2 18 2 2 6 3 2 2 2 2 2 1 6 2 2 3 2 2
2 4 2 2 18 3 2 6 3 2 2 2 2 2 1 6 2 2 3 2 2
2 4 2 2 18 4 2 6 3 2 2 2 2 2 1 6 2 2 3 2 2
2 4 2 2 18 2 2 6 4 2 2 2 2 2 1 6 2 2 3 2 2
2 4 2 2 18 3 2 6 4 2 2 2 2 2 1 6 2 2 3 2 2
2 4 2 2 18 4 2 6 4 2 2 2 2 2 1 6 2 2 3 2 2
2 4 2 2 18 2 2 6 5 2 2 2 2 2 1 6 2 2 3 2 2
2 4 2 2 18 3 2 6 5 2 2 2 2 2 1 6 2 2 3 2 2
2 4 2 2 18 4 2 6 5 2 2 2 2 2 1 6 2 2 3 2 2
2 4 2 2 18 2 2 17 2 2 2 2 2 2 1 3 2 2 6 2 2
2 4 2 2 18 3 2 17 2 2 2 2 2 2 1 3 2 2 6 2 2
2 4 2 2 18 4 2 17 2 2 2 2 2 2 1 3 2 2 6 2 2
2 4 2 2 18 2 2 17 2 2 2 2 2 2 1 4 2 2 4 2 2
2 4 2 2 18 3 2 17 2 2 2 2 2 2 1 4 2 2 4 2 2
2 4 2 2 18 4 2 17 2 2 2 2 2 2 1 4 2 2 4 2 2
2 4 2 2 18 2 2 17 2 2 2 2 2 2 1 6 2 2 3 2 2
2 4 2 2 18 3 2 17 2 2 2 2 2 2 1 6 2 2 3 2 2
2 4 2 2 18 4 2 17 2 2 2 2 2 2 1 6 2 2 3 2 2
2 4 2 2 18 2 2 17 3 2 2 2 2 2 1 4 2 2 4 2 2
2 4 2 2 18 3 2 17 3 2 2 2 2 2 1 4 2 2 4 2 2
2 4 2 2 18 4 2 17 3 2 2 2 2 2 1 4 2 2 4 2 2
2 4 2 2 18 2 2 17 3 2 2 2 2 2 1 6 2 2 3 2 2
2 4 2 2 18 3 2 17 3 2 2 2 2 2 1 6 2 2 3 2 2
2 4 2 2 18 4 2 17 3 2 2 2 2 2 1 6 2 2 3 2 2
2 4 2 2 18 2 2 17 4 2 2 2 2 2 1 6 2 2 3 2 2
2 4 2 2 18 3 2 17 4 2 2 2 2 2 1 6 2 2 3 2 2
2 4 2 2 18 4 2 17 4 2 2 2 2 2 1 6 2 2 3 2 2
2 4 2 2 18 2 2 17 5 2 2 2 2 2 1 6 2 2 3 2 2
2 4 2 2 18 3 2 17 5 2 2 2 2 2 1 6 2 2 3 2 2
2 4 2 2 18 4 2 17 5 2 2 2 2 2 1 6 2 2 3 2 2
2 4 2 2 18 2 3 3 3 2 2 2 2 2 1 4 4 2 2 2 2
2 4 2 2 18 2 3 3 3 2 3 2 2 2 1 4 4 2 2 2 2
2 4 2 2 18 2 3 3 3 2 4 2 2 2 1 4 4 2 2 2 2
2 4 2 2 18 3 3 3 3 2 2 2 2 2 1 4 4 2 2 2 2
2 4 2 2 18 3 3 3 3 2 3 2 2 2 1 4 4 2 2 2 2
2 4 2 2 18 3 3 3 3 2 4 2 2 2 1 4 4 2 2 2 2
2 4 2 2 18 4 3 3 3 2 2 2 2 2 1 4 4 2 2 2 2
2 4 2 2 18 4 3 3 3 2 3 2 2 2 1 4 4 2 2 2 2
2 4 2 2 18 2 3 3 3 2 2 2 2 2 1 6 3 2 2 2 2
2 4 2 2 18 2 3 3 3 2 3 2 2 2 1 6 3 2 2 2 2
2 4 2 2 18 2 3 3 3 2 4 2 2 2 1 6 3 2 2 2 2
2 4 2 2 18 2 3 3 3 2 5 2 2 2 1 6 3 2 2 2 2
2 4 2 2 18 3 3 3 3 2 2 2 2 2 1 6 3 2 2 2 2
2 4 2 2 18 3 3 3 3 2 3 2 2 2 1 6 3 2 2 2 2
2 4 2 2 18 3 3 3 3 2 4 2 2 2 1 6 3 2 2 2 2
2 4 2 2 18 4 3 3 3 2 2 2 2 2 1 6 3 2 2 2 2
2 4 2 2 18 4 3 3 3 2 3 2 2 2 1 6 3 2 2 2 2
2 4 3 2 18 2 2 2 5 2 2 2 2 2 1 4 4 2 2 2 2
2 4 3 2 18 2 2 2 5 2 3 2 2 2 1 4 4 2 2 2 2
2 4 3 2 18 3 2 2 5 2 2 2 2 2 1 4 4 2 2 2 2
2 4 3 2 18 3 2 2 5 2 3 2 2 2 1 4 4 2 2 2 2
2 4 3 2 18 4 2 2 5 2 2 2 2 2 1 4 4 2 2 2 2
2 4 3 2 18 2 2 2 5 3 2 2 2 2 1 4 4 2 2 2 2
2 4 3 2 18 3 2 2 5 3 2 2 2 2 1 4 4 2 2 2 2
2 4 3 2 18 4 2 2 5 3 2 2 2 2 1 4 4 2 2 2 2
2 4 3 2 18 2 2 2 6 2 2 2 2 2 1 4 4 2 2 2 2
2 4 3 2 18 3 2 2 6 2 2 2 2 2 1 4 4 2 2 2 2
2 4 3 2 18 4 2 2 6 2 2 2 2 2 1 4 4 2 2 2 2
2 4 3 2 18 2 2 2 17 2 2 2 2 2 1 3 6 2 2 2 2
2 4 3 2 18 3 2 2 17 2 2 2 2 2 1 3 6 2 2 2 2
2 4 3 2 18 4 2 2 17 2 2 2 2 2 1 3 6 2 2 2 2
2 4 3 2 18 2 2 2 17 2 2 2 2 2 1 4 4 2 2 2 2
2 4 3 2 18 3 2 2 17 2 2 2 2 2 1 4 4 2 2 2 2
2 4 3 2 18 4 2 2 17 2 2 2 2 2 1 4 4 2 2 2 2
2 4 3 2 18 2 2 3 3 2 2 2 2 2 1 4 2 2 4 2 2
2 4 3 2 18 2 2 3 3 2 3 2 2 2 1 4 2 2 4 2 2
2 4 3 2 18 2 2 3 3 2 4 2 2 2 1 4 2 2 4 2 2
2 4 3 2 18 3 2 3 3 2 2 2 2 2 1 4 2 2 4 2 2
2 4 3 2 18 4 2 3 3 2 2 2 2 2 1 4 2 2 4 2 2
2 4 3 2 18 2 2 3 3 2 2 2 2 2 1 4 4 2 2 2 2
2 4 3 2 18 2 2 3 3 2 3 2 2 2 1 4 4 2 2 2 2
2 4 3 2 18 2 2 3 3 2 4 2 2 2 1 4 4 2 2 2 2
2 4 3 2 18 3 2 3 3 2 2 2 2 2 1 4 4 2 2 2 2
2 4 3 2 18 4 2 3 3 2 2 2 2 2 1 4 4 2 2 2 2
2 4 3 2 18 2 2 3 4 2 2 2 2 2 1 3 3 2 3 2 2
2 4 3 2 18 2 2 3 4 2 3 2 2 2 1 3 3 2 3 2 2
2 4 3 2 18 3 2 3 4 2 2 2 2 2 1 3 3 2 3 2 2
2 4 3 2 18 4 2 3 4 2 2 2 2 2 1 3 3 2 3 2 2
2 4 3 2 18 2 2 3 4 2 2 2 2 2 1 4 4 2 2 2 2
2 4 3 2 18 2 2 3 4 2 3 2 2 2 1 4 4 2 2 2 2
2 4 3 2 18 3 2 3 4 2 2 2 2 2 1 4 4 2 2 2 2
2 4 3 2 18 4 2 3 4 2 2 2 2 2 1 4 4 2 2 2 2
2 4 3 2 18 2 2 3 5 2 2 2 2 2 1 3 3 2 3 2 2
2 4 3 2 18 3 2 3 5 2 2 2 2 2 1 3 3 2 3 2 2
2 4 3 2 18 4 2 3 5 2 2 2 2 2 1 3 3 2 3 2 2
2 4 3 2 18 2 2 3 5 2 2 2 2 2 1 4 4 2 2 2 2
2 4 3 2 18 2 2 3 5 2 3 2 2 2 1 4 4 2 2 2 2
2 4 3 2 18 3 2 3 5 2 2 2 2 2 1 4 4 2 2 2 2
2 4 3 2 18 4 2 3 5 2 2 2 2 2 1 4 4 2 2 2 2
2 4 3 2 18 2 2 3 6 2 2 2 2 2 1 4 4 2 2 2 2
2 4 3 2 18 3 2 3 6 2 2 2 2 2 1 4 4 2 2 2 2
2 4 3 2 18 4 2 3 6 2 2 2 2 2 1 4 4 2 2 2 2
2 4 3 2 18 2 2 3 17 2 2 2 2 2 1 4 4 2 2 2 2
2 4 3 2 18 3 2 3 17 2 2 2 2 2 1 4 4 2 2 2 2
2 4 3 2 18 4 2 3 17 2 2 2 2 2 1 4 4 2 2 2 2
2 5 2 2 18 2 2 3 3 2 2 2 2 2 1 4 4 2 2 2 2
2 5 2 2 18 2 2 3 3 2 3 2 2 2 1 4 4 2 2 2 2
2 5 2 2 18 2 2 3 3 2 4 2 2 2 1 4 4 2 2 2 2
2 5 2 2 18 3 2 3 3 2 2 2 2 2 1 4 4 2 2 2 2
2 5 2 2 18 3 2 3 3 2 3 2 2 2 1 4 4 2 2 2 2
2 5 2 2 18 3 2 3 3 2 4 2 2 2 1 4 4 2 2 2 2
2 5 2 2 18 4 2 3 3 2 2 2 2 2 1 4 4 2 2 2 2
2 5 2 2 18 4 2 3 3 2 3 2 2 2 1 4 4 2 2 2 2
2 5 2 2 18 5 2 3 3 2 2 2 2 2 1 4 4 2 2 2 2
2 5 2 2 18 2 2 3 3 2 2 2 2 2 1 6 3 2 2 2 2
2 5 2 2 18 2 2 3 3 2 3 2 2 2 1 6 3 2 2 2 2
2 5 2 2 18 2 2 3 3 2 4 2 2 2 1 6 3 2 2 2 2
2 5 2 2 18 2 2 3 3 2 5 2 2 2 1 6 3 2 2 2 2
2 5 2 2 18 3 2 3 3 2 2 2 2 2 1 6 3 2 2 2 2
2 5 2 2 18 3 2 3 3 2 3 2 2 2 1 6 3 2 2 2 2
2 5 2 2 18 3 2 3 3 2 4 2 2 2 1 6 3 2 2 2 2
2 5 2 2 18 4 2 3 3 2 2 2 2 2 1 6 3 2 2 2 2
2 5 2 2 18 4 2 3 3 2 3 2 2 2 1 6 3 2 2 2 2
2 5 2 2 18 5 2 3 3 2 2 2 2 2 1 6 3 2 2 2 2
2 5 2 2 18 2 2 4 2 2 2 2 2 2 1 6 2 2 3 2 2
2 5 2 2 18 2 2 4 2 2 3 2 2 2 1 6 2 2 3 2 2
2 5 2 2 18 3 2 4 2 2 2 2 2 2 1 6 2 2 3 2 2
2 5 2 2 18 3 2 4 2 2 3 2 2 2 1 6 2 2 3 2 2
2 5 2 2 18 4 2 4 2 2 2 2 2 2 1 6 2 2 3 2 2
2 5 2 2 18 5 2 4 2 2 2 2 2 2 1 6 2 2 3 2 2
2 5 2 2 18 2 2 4 2 2 2 2 2 2 1 6 3 2 2 2 2
2 5 2 2 18 2 2 4 2 2 3 2 2 2 1 6 3 2 2 2 2
2 5 2 2 18 3 2 4 2 2 2 2 2 2 1 6 3 2 2 2 2
2 5 2 2 18 3 2 4 2 2 3 2 2 2 1 6 3 2 2 2 2
2 5 2 2 18 4 2 4 2 2 2 2 2 2 1 6 3 2 2 2 2
2 5 2 2 18 5 2 4 2 2 2 2 2 2 1 6 3 2 2 2 2
2 5 2 2 18 2 2 4 2 3 2 2 2 2 1 6 2 2 3 2 2
2 5 2 2 18 2 2 4 2 3 3 2 2 2 1 6 2 2 3 2 2
2 5 2 2 18 3 2 4 2 3 2 2 2 2 1 6 2 2 3 2 2
2 5 2 2 18 3 2 4 2 3 3 2 2 2 1 6 2 2 3 2 2
2 5 2 2 18 4 2 4 2 3 2 2 2 2 1 6 2 2 3 2 2
2 5 2 2 18 5 2 4 2 3 2 2 2 2 1 6 2 2 3 2 2
2 5 2 2 18 2 2 4 3 2 2 2 2 2 1 3 3 2 3 2 2
2 5 2 2 18 2 2 4 3 2 3 2 2 2 1 3 3 2 3 2 2
2 5 2 2 18 3 2 4 3 2 2 2 2 2 1 3 3 2 3 2 2
2 5 2 2 18 3 2 4 3 2 3 2 2 2 1 3 3 2 3 2 2
2 5 2 2 18 4 2 4 3 2 2 2 2 2 1 3 3 2 3 2 2
2 5 2 2 18 5 2 4 3 2 2 2 2 2 1 3 3 2 3 2 2
2 5 2 2 18 2 2 4 3 2 2 2 2 2 1 4 2 2 4 2 2
2 5 2 2 18 2 2 4 3 2 3 2 2 2 1 4 2 2 4 2 2
2 5 2 2 18 3 2 4 3 2 2 2 2 2 1 4 2 2 4 2 2
2 5 2 2 18 3 2 4 3 2 3 2 2 2 1 4 2 2 4 2 2
2 5 2 2 18 4 2 4 3 2 2 2 2 2 1 4 2 2 4 2 2
2 5 2 2 18 5 2 4 3 2 2 2 2 2 1 4 2 2 4 2 2
2 5 2 2 18 2 2 4 3 2 2 2 2 2 1 6 2 2 3 2 2
2 5 2 2 18 2 2 4 3 2 3 2 2 2 1 6 2 2 3 2 2
2 5 2 2 18 3 2 4 3 2 2 2 2 2 1 6 2 2 3 2 2
2 5 2 2 18 3 2 4 3 2 3 2 2 2 1 6 2 2 3 2 2
2 5 2 2 18 4 2 4 3 2 2 2 2 2 1 6 2 2 3 2 2
2 5 2 2 18 5 2 4 3 2 2 2 2 2 1 6 2 2 3 2 2
2 5 2 2 18 2 2 4 3 2 2 2 2 2 1 6 3 2 2 2 2
2 5 2 2 18 2 2 4 3 2 3 2 2 2 1 6 3 2 2 2 2
2 5 2 2 18 3 2 4 3 2 2 2 2 2 1 6 3 2 2 2 2
2 5 2 2 18 3 2 4 3 2 3 2 2 2 1 6 3 2 2 2 2
2 5 2 2 18 4 2 4 3 2 2 2 2 2 1 6 3 2 2 2 2
2 5 2 2 18 5 2 4 3 2 2 2 2 2 1 6 3 2 2 2 2
2 5 2 2 18 2 2 4 4 2 2 2 2 2 1 3 3 2 3 2 2
2 5 2 2 18 2 2 4 4 2 3 2 2 2 1 3 3 2 3 2 2
2 5 2 2 18 3 2 4 4 2 2 2 2 2 1 3 3 2 3 2 2
2 5 2 2 18 3 2 4 4 2 3 2 2 2 1 3 3 2 3 2 2
2 5 2 2 18 4 2 4 4 2 2 2 2 2 1 3 3 2 3 2 2
2 5 2 2 18 5 2 4 4 2 2 2 2 2 1 3 3 2 3 2 2
2 5 2 2 18 2 2 4 4 2 2 2 2 2 1 6 3 2 2 2 2
2 5 2 2 18 2 2 4 4 2 3 2 2 2 1 6 3 2 2 2 2
2 5 2 2 18 3 2 4 4 2 2 2 2 2 1 6 3 2 2 2 2
2 5 2 2 18 3 2 4 4 2 3 2 2 2 1 6 3 2 2 2 2
2 5 2 2 18 4 2 4 4 2 2 2 2 2 1 6 3 2 2 2 2
2 5 2 2 18 5 2 4 4 2 2 2 2 2 1 6 3 2 2 2 2
2 5 2 2 18 2 2 5 2 2 2 2 2 2 1 4 2 2 4 2 2
2 5 2 2 18 2 2 5 2 2 3 2 2 2 1 4 2 2 4 2 2
2 5 2 2 18 3 2 5 2 2 2 2 2 2 1 4 2 2 4 2 2
2 5 2 2 18 3 2 5 2 2 3 2 2 2 1 4 2 2 4 2 2
2 5 2 2 18 4 2 5 2 2 2 2 2 2 1 4 2 2 4 2 2
2 5 2 2 18 5 2 5 2 2 2 2 2 2 1 4 2 2 4 2 2
2 5 2 2 18 2 2 5 2 3 2 2 2 2 1 4 2 2 4 2 2
2 5 2 2 18 3 2 5 2 3 2 2 2 2 1 4 2 2 4 2 2
2 5 2 2 18 4 2 5 2 3 2 2 2 2 1 4 2 2 4 2 2
2 5 2 2 18 5 2 5 2 3 2 2 2 2 1 4 2 2 4 2 2
2 5 2 2 18 2 2 5 2 2 2 2 2 2 1 6 2 2 3 2 2
2 5 2 2 18 2 2 5 2 2 3 2 2 2 1 6 2 2 3 2 2
2 5 2 2 18 3 2 5 2 2 2 2 2 2 1 6 2 2 3 2 2
2 5 2 2 18 3 2 5 2 2 3 2 2 2 1 6 2 2 3 2 2
2 5 2 2 18 4 2 5 2 2 2 2 2 2 1 6 2 2 3 2 2
2 5 2 2 18 5 2 5 2 2 2 2 2 2 1 6 2 2 3 2 2
2 5 2 2 18 2 2 5 2 2 2 2 2 2 1 6 3 2 2 2 2
2 5 2 2 18 3 2 5 2 2 2 2 2 2 1 6 3 2 2 2 2
2 5 2 2 18 4 2 5 2 2 2 2 2 2 1 6 3 2 2 2 2
2 5 2 2 18 5 2 5 2 2 2 2 2 2 1 6 3 2 2 2 2
2 5 2 2 18 2 2 5 2 3 2 2 2 2 1 6 2 2 3 2 2
2 5 2 2 18 3 2 5 2 3 2 2 2 2 1 6 2 2 3 2 2
2 5 2 2 18 4 2 5 2 3 2 2 2 2 1 6 2 2 3 2 2
2 5 2 2 18 5 2 5 2 3 2 2 2 2 1 6 2 2 3 2 2
2 5 2 2 18 2 2 5 3 2 2 2 2 2 1 3 3 2 3 2 2
2 5 2 2 18 3 2 5 3 2 2 2 2 2 1 3 3 2 3 2 2
2 5 2 2 18 4 2 5 3 2 2 2 2 2 1 3 3 2 3 2 2
2 5 2 2 18 5 2 5 3 2 2 2 2 2 1 3 3 2 3 2 2
2 5 2 2 18 2 2 5 3 2 2 2 2 2 1 4 2 2 4 2 2
2 5 2 2 18 2 2 5 3 2 3 2 2 2 1 4 2 2 4 2 2
2 5 2 2 18 3 2 5 3 2 2 2 2 2 1 4 2 2 4 2 2
2 5 2 2 18 3 2 5 3 2 3 2 2 2 1 4 2 2 4 2 2
2 5 2 2 18 4 2 5 3 2 2 2 2 2 1 4 2 2 4 2 2
2 5 2 2 18 5 2 5 3 2 2 2 2 2 1 4 2 2 4 2 2
2 5 2 2 18 2 2 5 3 2 2 2 2 2 1 6 2 2 3 2 2
2 5 2 2 18 2 2 5 3 2 3 2 2 2 1 6 2 2 3 2 2
2 5 2 2 18 3 2 5 3 2 2 2 2 2 1 6 2 2 3 2 2
2 5 2 2 18 3 2 5 3 2 3 2 2 2 1 6 2 2 3 2 2
2 5 2 2 18 4 2 5 3 2 2 2 2 2 1 6 2 2 3 2 2
2 5 2 2 18 5 2 5 3 2 2 2 2 2 1 6 2 2 3 2 2
2 5 2 2 18 2 2 5 3 2 2 2 2 2 1 6 3 2 2 2 2
2 5 2 2 18 3 2 5 3 2 2 2 2 2 1 6 3 2 2 2 2
2 5 2 2 18 4 2 5 3 2 2 2 2 2 1 6 3 2 2 2 2
2 5 2 2 18 5 2 5 3 2 2 2 2 2 1 6 3 2 2 2 2
2 5 2 2 18 2 2 5 4 2 2 2 2 2 1 3 3 2 3 2 2
2 5 2 2 18 3 2 5 4 2 2 2 2 2 1 3 3 2 3 2 2
2 5 2 2 18 4 2 5 4 2 2 2 2 2 1 3 3 2 3 2 2
2 5 2 2 18 5 2 5 4 2 2 2 2 2 1 3 3 2 3 2 2
2 5 2 2 18 2 2 5 4 2 2 2 2 2 1 6 2 2 3 2 2
2 5 2 2 18 2 2 5 4 2 3 2 2 2 1 6 2 2 3 2 2
2 5 2 2 18 3 2 5 4 2 2 2 2 2 1 6 2 2 3 2 2
2 5 2 2 18 3 2 5 4 2 3 2 2 2 1 6 2 2 3 2 2
2 5 2 2 18 4 2 5 4 2 2 2 2 2 1 6 2 2 3 2 2
2 5 2 2 18 5 2 5 4 2 2 2 2 2 1 6 2 2 3 2 2
2 5 2 2 18 2 2 5 4 2 2 2 2 2 1 6 3 2 2 2 2
2 5 2 2 18 3 2 5 4 2 2 2 2 2 1 6 3 2 2 2 2
2 5 2 2 18 4 2 5 4 2 2 2 2 2 1 6 3 2 2 2 2
2 5 2 2 18 5 2 5 4 2 2 2 2 2 1 6 3 2 2 2 2
2 5 2 2 18 2 2 5 5 2 2 2 2 2 1 3 3 2 3 2 2
2 5 2 2 18 3 2 5 5 2 2 2 2 2 1 3 3 2 3 2 2
2 5 2 2 18 4 2 5 5 2 2 2 2 2 1 3 3 2 3 2 2
2 5 2 2 18 5 2 5 5 2 2 2 2 2 1 3 3 2 3 2 2
2 5 2 2 18 2 2 5 5 2 2 2 2 2 1 6 3 2 2 2 2
2 5 2 2 18 3 2 5 5 2 2 2 2 2 1 6 3 2 2 2 2
2 5 2 2 18 4 2 5 5 2 2 2 2 2 1 6 3 2 2 2 2
2 5 2 2 18 5 2 5 5 2 2 2 2 2 1 6 3 2 2 2 2
2 5 2 2 18 2 2 6 2 2 2 2 2 2 1 4 2 2 4 2 2
2 5 2 2 18 3 2 6 2 2 2 2 2 2 1 4 2 2 4 2 2
2 5 2 2 18 4 2 6 2 2 2 2 2 2 1 4 2 2 4 2 2
2 5 2 2 18 5 2 6 2 2 2 2 2 2 1 4 2 2 4 2 2
2 5 2 2 18 2 2 6 2 2 2 2 2 2 1 6 2 2 3 2 2
2 5 2 2 18 3 2 6 2 2 2 2 2 2 1 6 2 2 3 2 2
2 5 2 2 18 4 2 6 2 2 2 2 2 2 1 6 2 2 3 2 2
2 5 2 2 18 5 2 6 2 2 2 2 2 2 1 6 2 2 3 2 2
2 5 2 2 18 2 2 6 3 2 2 2 2 2 1 4 2 2 4 2 2
2 5 2 2 18 3 2 6 3 2 2 2 2 2 1 4 2 2 4 2 2
2 5 2 2 18 4 2 6 3 2 2 2 2 2 1 4 2 2 4 2 2
2 5 2 2 18 5 2 6 3 2 2 2 2 2 1 4 2 2 4 2 2
2 5 2 2 18 2 2 6 3 2 2 2 2 2 1 6 2 2 3 2 2
2 5 2 2 18 3 2 6 3 2 2 2 2 2 1 6 2 2 3 2 2
2 5 2 2 18 4 2 6 3 2 2 2 2 2 1 6 2 2 3 2 2
2 5 2 2 18 5 2 6 3 2 2 2 2 2 1 6 2 2 3 2 2
2 5 2 2 18 2 2 6 4 2 2 2 2 2 1 6 2 2 3 2 2
2 5 2 2 18 3 2 6 4 2 2 2 2 2 1 6 2 2 3 2 2
2 5 2 2 18 4 2 6 4 2 2 2 2 2 1 6 2 2 3 2 2
2 5 2 2 18 5 2 6 4 2 2 2 2 2 1 6 2 2 3 2 2
2 5 2 2 18 2 2 6 5 2 2 2 2 2 1 6 2 2 3 2 2
2 5 2 2 18 3 2 6 5 2 2 2 2 2 1 6 2 2 3 2 2
2 5 2 2 18 4 2 6 5 2 2 2 2 2 1 6 2 2 3 2 2
2 5 2 2 18 5 2 6 5 2 2 2 2 2 1 6 2 2 3 2 2
2 5 2 2 18 2 2 17 2 2 2 2 2 2 1 3 2 2 6 2 2
2 5 2 2 18 3 2 17 2 2 2 2 2 2 1 3 2 2 6 2 2
2 5 2 2 18 4 2 17 2 2 2 2 2 2 1 3 2 2 6 2 2
2 5 2 2 18 5 2 17 2 2 2 2 2 2 1 3 2 2 6 2 2
2 5 2 2 18 2 2 17 2 2 2 2 2 2 1 4 2 2 4 2 2
2 5 2 2 18 3 2 17 2 2 2 2 2 2 1 4 2 2 4 2 2
2 5 2 2 18 4 2 17 2 2 2 2 2 2 1 4 2 2 4 2 2
2 5 2 2 18 5 2 17 2 2 2 2 2 2 1 4 2 2 4 2 2
2 5 2 2 18 2 2 17 2 2 2 2 2 2 1 6 2 2 3 2 2
2 5 2 2 18 3 2 17 2 2 2 2 2 2 1 6 2 2 3 2 2
2 5 2 2 18 4 2 17 2 2 2 2 2 2 1 6 2 2 3 2 2
2 5 2 2 18 5 2 17 2 2 2 2 2 2 1 6 2 2 3 2 2
2 5 2 2 18 2 2 17 3 2 2 2 2 2 1 4 2 2 4 2 2
2 5 2 2 18 3 2 17 3 2 2 2 2 2 1 4 2 2 4 2 2
2 5 2 2 18 4 2 17 3 2 2 2 2 2 1 4 2 2 4 2 2
2 5 2 2 18 5 2 17 3 2 2 2 2 2 1 4 2 2 4 2 2
2 5 2 2 18 2 2 17 3 2 2 2 2 2 1 6 2 2 3 2 2
2 5 2 2 18 3 2 17 3 2 2 2 2 2 1 6 2 2 3 2 2
2 5 2 2 18 4 2 17 3 2 2 2 2 2 1 6 2 2 3 2 2
2 5 2 2 18 5 2 17 3 2 2 2 2 2 1 6 2 2 3 2 2
2 5 2 2 18 2 2 17 4 2 2 2 2 2 1 6 2 2 3 2 2
2 5 2 2 18 3 2 17 4 2 2 2 2 2 1 6 2 2 3 2 2
2 5 2 2 18 4 2 17 4 2 2 2 2 2 1 6 2 2 3 2 2
2 5 2 2 18 5 2 17 4 2 2 2 2 2 1 6 2 2 3 2 2
2 5 2 2 18 2 2 17 5 2 2 2 2 2 1 6 2 2 3 2 2
2 5 2 2 18 3 2 17 5 2 2 2 2 2 1 6 2 2 3 2 2
2 5 2 2 18 4 2 17 5 2 2 2 2 2 1 6 2 2 3 2 2
2 5 2 2 18 5 2 17 5 2 2 2 2 2 1 6 2 2 3 2 2
2 5 2 2 18 2 3 3 3 2 2 2 2 2 1 4 4 2 2 2 2
2 5 2 2 18 2 3 3 3 2 3 2 2 2 1 4 4 2 2 2 2
2 5 2 2 18 2 3 3 3 2 4 2 2 2 1 4 4 2 2 2 2
2 5 2 2 18 3 3 3 3 2 2 2 2 2 1 4 4 2 2 2 2
2 5 2 2 18 3 3 3 3 2 3 2 2 2 1 4 4 2 2 2 2
2 5 2 2 18 3 3 3 3 2 4 2 2 2 1 4 4 2 2 2 2
2 5 2 2 18 4 3 3 3 2 2 2 2 2 1 4 4 2 2 2 2
2 5 2 2 18 4 3 3 3 2 3 2 2 2 1 4 4 2 2 2 2
2 5 2 2 18 5 3 3 3 2 2 2 2 2 1 4 4 2 2 2 2
2 5 2 2 18 5 3 3 3 2 3 2 2 2 1 4 4 2 2 2 2
2 5 2 2 18 2 3 3 3 2 2 2 2 2 1 6 3 2 2 2 2
2 5 2 2 18 2 3 3 3 2 3 2 2 2 1 6 3 2 2 2 2
2 5 2 2 18 2 3 3 3 2 4 2 2 2 1 6 3 2 2 2 2
2 5 2 2 18 2 3 3 3 2 5 2 2 2 1 6 3 2 2 2 2
2 5 2 2 18 3 3 3 3 2 2 2 2 2 1 6 3 2 2 2 2
2 5 2 2 18 3 3 3 3 2 3 2 2 2 1 6 3 2 2 2 2
2 5 2 2 18 3 3 3 3 2 4 2 2 2 1 6 3 2 2 2 2
2 5 2 2 18 4 3 3 3 2 2 2 2 2 1 6 3 2 2 2 2
2 5 2 2 18 4 3 3 3 2 3 2 2 2 1 6 3 2 2 2 2
2 5 2 2 18 5 3 3 3 2 2 2 2 2 1 6 3 2 2 2 2
2 5 2 2 18 5 3 3 3 2 3 2 2 2 1 6 3 2 2 2 2
2 5 3 2 18 2 2 2 17 2 2 2 2 2 1 3 6 2 2 2 2
2 5 3 2 18 3 2 2 17 2 2 2 2 2 1 3 6 2 2 2 2
2 5 3 2 18 4 2 2 17 2 2 2 2 2 1 3 6 2 2 2 2
2 5 3 2 18 5 2 2 17 2 2 2 2 2 1 3 6 2 2 2 2
2 5 3 2 18 2 2 3 4 2 2 2 2 2 1 3 3 2 3 2 2
2 5 3 2 18 2 2 3 4 2 3 2 2 2 1 3 3 2 3 2 2
2 5 3 2 18 3 2 3 4 2 2 2 2 2 1 3 3 2 3 2 2
2 5 3 2 18 4 2 3 4 2 2 2 2 2 1 3 3 2 3 2 2
2 5 3 2 18 5 2 3 4 2 2 2 2 2 1 3 3 2 3 2 2
2 5 3 2 18 2 2 3 5 2 2 2 2 2 1 3 3 2 3 2 2
2 5 3 2 18 3 2 3 5 2 2 2 2 2 1 3 3 2 3 2 2
2 5 3 2 18 4 2 3 5 2 2 2 2 2 1 3 3 2 3 2 2
2 5 3 2 18 5 2 3 5 2 2 2 2 2 1 3 3 2 3 2 2
2 6 2 2 18 2 2 3 3 2 2 2 2 2 1 4 4 2 2 2 2
2 6 2 2 18 2 2 3 3 2 3 2 2 2 1 4 4 2 2 2 2
2 6 2 2 18 2 2 3 3 2 4 2 2 2 1 4 4 2 2 2 2
2 6 2 2 18 3 2 3 3 2 2 2 2 2 1 4 4 2 2 2 2
2 6 2 2 18 3 2 3 3 2 3 2 2 2 1 4 4 2 2 2 2
2 6 2 2 18 3 2 3 3 2 4 2 2 2 1 4 4 2 2 2 2
2 6 2 2 18 4 2 3 3 2 2 2 2 2 1 4 4 2 2 2 2
2 6 2 2 18 4 2 3 3 2 3 2 2 2 1 4 4 2 2 2 2
2 6 2 2 18 5 2 3 3 2 2 2 2 2 1 4 4 2 2 2 2
2 6 2 2 18 5 2 3 3 2 3 2 2 2 1 4 4 2 2 2 2
2 6 2 2 18 6 2 3 3 2 2 2 2 2 1 4 4 2 2 2 2
2 6 2 2 18 2 2 3 3 2 2 2 2 2 1 6 3 2 2 2 2
2 6 2 2 18 2 2 3 3 2 3 2 2 2 1 6 3 2 2 2 2
2 6 2 2 18 2 2 3 3 2 4 2 2 2 1 6 3 2 2 2 2
2 6 2 2 18 2 2 3 3 2 5 2 2 2 1 6 3 2 2 2 2
2 6 2 2 18 3 2 3 3 2 2 2 2 2 1 6 3 2 2 2 2
2 6 2 2 18 3 2 3 3 2 3 2 2 2 1 6 3 2 2 2 2
2 6 2 2 18 3 2 3 3 2 4 2 2 2 1 6 3 2 2 2 2
2 6 2 2 18 4 2 3 3 2 2 2 2 2 1 6 3 2 2 2 2
2 6 2 2 18 4 2 3 3 2 3 2 2 2 1 6 3 2 2 2 2
2 6 2 2 18 5 2 3 3 2 2 2 2 2 1 6 3 2 2 2 2
2 6 2 2 18 5 2 3 3 2 3 2 2 2 1 6 3 2 2 2 2
2 6 2 2 18 6 2 3 3 2 2 2 2 2 1 6 3 2 2 2 2
2 6 2 2 18 2 2 4 2 2 2 2 2 2 1 6 2 2 3 2 2
2 6 2 2 18 2 2 4 2 2 3 2 2 2 1 6 2 2 3 2 2
2 6 2 2 18 3 2 4 2 2 2 2 2 2 1 6 2 2 3 2 2
2 6 2 2 18 3 2 4 2 2 3 2 2 2 1 6 2 2 3 2 2
2 6 2 2 18 4 2 4 2 2 2 2 2 2 1 6 2 2 3 2 2
2 6 2 2 18 5 2 4 2 2 2 2 2 2 1 6 2 2 3 2 2
2 6 2 2 18 6 2 4 2 2 2 2 2 2 1 6 2 2 3 2 2
2 6 2 2 18 2 2 4 2 2 2 2 2 2 1 6 3 2 2 2 2
2 6 2 2 18 2 2 4 2 2 3 2 2 2 1 6 3 2 2 2 2
2 6 2 2 18 3 2 4 2 2 2 2 2 2 1 6 3 2 2 2 2
2 6 2 2 18 3 2 4 2 2 3 2 2 2 1 6 3 2 2 2 2
2 6 2 2 18 4 2 4 2 2 2 2 2 2 1 6 3 2 2 2 2
2 6 2 2 18 5 2 4 2 2 2 2 2 2 1 6 3 2 2 2 2
2 6 2 2 18 6 2 4 2 2 2 2 2 2 1 6 3 2 2 2 2
2 6 2 2 18 2 2 4 2 3 2 2 2 2 1 6 2 2 3 2 2
2 6 2 2 18 2 2 4 2 3 3 2 2 2 1 6 2 2 3 2 2
2 6 2 2 18 3 2 4 2 3 2 2 2 2 1 6 2 2 3 2 2
2 6 2 2 18 3 2 4 2 3 3 2 2 2 1 6 2 2 3 2 2
2 6 2 2 18 4 2 4 2 3 2 2 2 2 1 6 2 2 3 2 2
2 6 2 2 18 5 2 4 2 3 2 2 2 2 1 6 2 2 3 2 2
2 6 2 2 18 6 2 4 2 3 2 2 2 2 1 6 2 2 3 2 2
2 6 2 2 18 2 2 4 3 2 2 2 2 2 1 3 3 2 3 2 2
2 6 2 2 18 2 2 4 3 2 3 2 2 2 1 3 3 2 3 2 2
2 6 2 2 18 3 2 4 3 2 2 2 2 2 1 3 3 2 3 2 2
2 6 2 2 18 3 2 4 3 2 3 2 2 2 1 3 3 2 3 2 2
2 6 2 2 18 4 2 4 3 2 2 2 2 2 1 3 3 2 3 2 2
2 6 2 2 18 5 2 4 3 2 2 2 2 2 1 3 3 2 3 2 2
2 6 2 2 18 6 2 4 3 2 2 2 2 2 1 3 3 2 3 2 2
2 6 2 2 18 2 2 4 3 2 2 2 2 2 1 4 2 2 4 2 2
2 6 2 2 18 2 2 4 3 2 3 2 2 2 1 4 2 2 4 2 2
2 6 2 2 18 3 2 4 3 2 2 2 2 2 1 4 2 2 4 2 2
2 6 2 2 18 3 2 4 3 2 3 2 2 2 1 4 2 2 4 2 2
2 6 2 2 18 4 2 4 3 2 2 2 2 2 1 4 2 2 4 2 2
2 6 2 2 18 5 2 4 3 2 2 2 2 2 1 4 2 2 4 2 2
2 6 2 2 18 6 2 4 3 2 2 2 2 2 1 4 2 2 4 2 2
2 6 2 2 18 2 2 4 3 2 2 2 2 2 1 6 2 2 3 2 2
2 6 2 2 18 2 2 4 3 2 3 2 2 2 1 6 2 2 3 2 2
2 6 2 2 18 3 2 4 3 2 2 2 2 2 1 6 2 2 3 2 2
2 6 2 2 18 3 2 4 3 2 3 2 2 2 1 6 2 2 3 2 2
2 6 2 2 18 4 2 4 3 2 2 2 2 2 1 6 2 2 3 2 2
2 6 2 2 18 5 2 4 3 2 2 2 2 2 1 6 2 2 3 2 2
2 6 2 2 18 6 2 4 3 2 2 2 2 2 1 6 2 2 3 2 2
2 6 2 2 18 2 2 4 3 2 2 2 2 2 1 6 3 2 2 2 2
2 6 2 2 18 2 2 4 3 2 3 2 2 2 1 6 3 2 2 2 2
2 6 2 2 18 3 2 4 3 2 2 2 2 2 1 6 3 2 2 2 2
2 6 2 2 18 3 2 4 3 2 3 2 2 2 1 6 3 2 2 2 2
2 6 2 2 18 4 2 4 3 2 2 2 2 2 1 6 3 2 2 2 2
2 6 2 2 18 5 2 4 3 2 2 2 2 2 1 6 3 2 2 2 2
2 6 2 2 18 6 2 4 3 2 2 2 2 2 1 6 3 2 2 2 2
2 6 2 2 18 2 2 4 4 2 2 2 2 2 1 3 3 2 3 2 2
2 6 2 2 18 2 2 4 4 2 3 2 2 2 1 3 3 2 3 2 2
2 6 2 2 18 3 2 4 4 2 2 2 2 2 1 3 3 2 3 2 2
2 6 2 2 18 3 2 4 4 2 3 2 2 2 1 3 3 2 3 2 2
2 6 2 2 18 4 2 4 4 2 2 2 2 2 1 3 3 2 3 2 2
2 6 2 2 18 5 2 4 4 2 2 2 2 2 1 3 3 2 3 2 2
2 6 2 2 18 6 2 4 4 2 2 2 2 2 1 3 3 2 3 2 2
2 6 2 2 18 2 2 4 4 2 2 2 2 2 1 6 3 2 2 2 2
2 6 2 2 18 2 2 4 4 2 3 2 2 2 1 6 3 2 2 2 2
2 6 2 2 18 3 2 4 4 2 2 2 2 2 1 6 3 2 2 2 2
2 6 2 2 18 3 2 4 4 2 3 2 2 2 1 6 3 2 2 2 2
2 6 2 2 18 4 2 4 4 2 2 2 2 2 1 6 3 2 2 2 2
2 6 2 2 18 5 2 4 4 2 2 2 2 2 1 6 3 2 2 2 2
2 6 2 2 18 6 2 4 4 2 2 2 2 2 1 6 3 2 2 2 2
2 6 2 2 18 2 2 5 2 2 2 2 2 2 1 4 2 2 4 2 2
2 6 2 2 18 2 2 5 2 2 3 2 2 2 1 4 2 2 4 2 2
2 6 2 2 18 3 2 5 2 2 2 2 2 2 1 4 2 2 4 2 2
2 6 2 2 18 3 2 5 2 2 3 2 2 2 1 4 2 2 4 2 2
2 6 2 2 18 4 2 5 2 2 2 2 2 2 1 4 2 2 4 2 2
2 6 2 2 18 5 2 5 2 2 2 2 2 2 1 4 2 2 4 2 2
2 6 2 2 18 6 2 5 2 2 2 2 2 2 1 4 2 2 4 2 2
2 6 2 2 18 2 2 5 2 3 2 2 2 2 1 4 2 2 4 2 2
2 6 2 2 18 3 2 5 2 3 2 2 2 2 1 4 2 2 4 2 2
2 6 2 2 18 4 2 5 2 3 2 2 2 2 1 4 2 2 4 2 2
2 6 2 2 18 5 2 5 2 3 2 2 2 2 1 4 2 2 4 2 2
2 6 2 2 18 6 2 5 2 3 2 2 2 2 1 4 2 2 4 2 2
2 6 2 2 18 2 2 5 2 2 2 2 2 2 1 6 2 2 3 2 2
2 6 2 2 18 2 2 5 2 2 3 2 2 2 1 6 2 2 3 2 2
2 6 2 2 18 3 2 5 2 2 2 2 2 2 1 6 2 2 3 2 2
2 6 2 2 18 3 2 5 2 2 3 2 2 2 1 6 2 2 3 2 2
2 6 2 2 18 4 2 5 2 2 2 2 2 2 1 6 2 2 3 2 2
2 6 2 2 18 5 2 5 2 2 2 2 2 2 1 6 2 2 3 2 2
2 6 2 2 18 6 2 5 2 2 2 2 2 2 1 6 2 2 3 2 2
2 6 2 2 18 2 2 5 2 2 2 2 2 2 1 6 3 2 2 2 2
2 6 2 2 18 3 2 5 2 2 2 2 2 2 1 6 3 2 2 2 2
2 6 2 2 18 4 2 5 2 2 2 2 2 2 1 6 3 2 2 2 2
2 6 2 2 18 5 2 5 2 2 2 2 2 2 1 6 3 2 2 2 2
2 6 2 2 18 6 2 5 2 2 2 2 2 2 1 6 3 2 2 2 2
2 6 2 2 18 2 2 5 2 3 2 2 2 2 1 6 2 2 3 2 2
2 6 2 2 18 3 2 5 2 3 2 2 2 2 1 6 2 2 3 2 2
2 6 2 2 18 4 2 5 2 3 2 2 2 2 1 6 2 2 3 2 2
2 6 2 2 18 5 2 5 2 3 2 2 2 2 1 6 2 2 3 2 2
2 6 2 2 18 6 2 5 2 3 2 2 2 2 1 6 2 2 3 2 2
2 6 2 2 18 2 2 5 3 2 2 2 2 2 1 3 3 2 3 2 2
2 6 2 2 18 3 2 5 3 2 2 2 2 2 1 3 3 2 3 2 2
2 6 2 2 18 4 2 5 3 2 2 2 2 2 1 3 3 2 3 2 2
2 6 2 2 18 5 2 5 3 2 2 2 2 2 1 3 3 2 3 2 2
2 6 2 2 18 6 2 5 3 2 2 2 2 2 1 3 3 2 3 2 2
2 6 2 2 18 2 2 5 3 2 2 2 2 2 1 4 2 2 4 2 2
2 6 2 2 18 2 2 5 3 2 3 2 2 2 1 4 2 2 4 2 2
2 6 2 2 18 3 2 5 3 2 2 2 2 2 1 4 2 2 4 2 2
2 6 2 2 18 3 2 5 3 2 3 2 2 2 1 4 2 2 4 2 2
2 6 2 2 18 4 2 5 3 2 2 2 2 2 1 4 2 2 4 2 2
2 6 2 2 18 5 2 5 3 2 2 2 2 2 1 4 2 2 4 2 2
2 6 2 2 18 6 2 5 3 2 2 2 2 2 1 4 2 2 4 2 2
2 6 2 2 18 2 2 5 3 2 2 2 2 2 1 6 2 2 3 2 2
2 6 2 2 18 2 2 5 3 2 3 2 2 2 1 6 2 2 3 2 2
2 6 2 2 18 3 2 5 3 2 2 2 2 2 1 6 2 2 3 2 2
2 6 2 2 18 3 2 5 3 2 3 2 2 2 1 6 2 2 3 2 2
2 6 2 2 18 4 2 5 3 2 2 2 2 2 1 6 2 2 3 2 2
2 6 2 2 18 5 2 5 3 2 2 2 2 2 1 6 2 2 3 2 2
2 6 2 2 18 6 2 5 3 2 2 2 2 2 1 6 2 2 3 2 2
2 6 2 2 18 2 2 5 3 2 2 2 2 2 1 6 3 2 2 2 2
2 6 2 2 18 3 2 5 3 2 2 2 2 2 1 6 3 2 2 2 2
2 6 2 2 18 4 2 5 3 2 2 2 2 2 1 6 3 2 2 2 2
2 6 2 2 18 5 2 5 3 2 2 2 2 2 1 6 3 2 2 2 2
2 6 2 2 18 6 2 5 3 2 2 2 2 2 1 6 3 2 2 2 2
2 6 2 2 18 2 2 5 4 2 2 2 2 2 1 3 3 2 3 2 2
2 6 2 2 18 3 2 5 4 2 2 2 2 2 1 3 3 2 3 2 2
2 6 2 2 18 4 2 5 4 2 2 2 2 2 1 3 3 2 3 2 2
2 6 2 2 18 5 2 5 4 2 2 2 2 2 1 3 3 2 3 2 2
2 6 2 2 18 6 2 5 4 2 2 2 2 2 1 3 3 2 3 2 2
2 6 2 2 18 2 2 5 4 2 2 2 2 2 1 6 2 2 3 2 2
2 6 2 2 18 2 2 5 4 2 3 2 2 2 1 6 2 2 3 2 2
2 6 2 2 18 3 2 5 4 2 2 2 2 2 1 6 2 2 3 2 2
2 6 2 2 18 3 2 5 4 2 3 2 2 2 1 6 2 2 3 2 2
2 6 2 2 18 4 2 5 4 2 2 2 2 2 1 6 2 2 3 2 2
2 6 2 2 18 5 2 5 4 2 2 2 2 2 1 6 2 2 3 2 2
2 6 2 2 18 6 2 5 4 2 2 2 2 2 1 6 2 2 3 2 2
2 6 2 2 18 2 2 5 4 2 2 2 2 2 1 6 3 2 2 2 2
2 6 2 2 18 3 2 5 4 2 2 2 2 2 1 6 3 2 2 2 2
2 6 2 2 18 4 2 5 4 2 2 2 2 2 1 6 3 2 2 2 2
2 6 2 2 18 5 2 5 4 2 2 2 2 2 1 6 3 2 2 2 2
2 6 2 2 18 6 2 5 4 2 2 2 2 2 1 6 3 2 2 2 2
2 6 2 2 18 2 2 5 5 2 2 2 2 2 1 3 3 2 3 2 2
2 6 2 2 18 3 2 5 5 2 2 2 2 2 1 3 3 2 3 2 2
2 6 2 2 18 4 2 5 5 2 2 2 2 2 1 3 3 2 3 2 2
2 6 2 2 18 5 2 5 5 2 2 2 2 2 1 3 3 2 3 2 2
2 6 2 2 18 6 2 5 5 2 2 2 2 2 1 3 3 2 3 2 2
2 6 2 2 18 2 2 5 5 2 2 2 2 2 1 6 3 2 2 2 2
2 6 2 2 18 3 2 5 5 2 2 2 2 2 1 6 3 2 2 2 2
2 6 2 2 18 4 2 5 5 2 2 2 2 2 1 6 3 2 2 2 2
2 6 2 2 18 5 2 5 5 2 2 2 2 2 1 6 3 2 2 2 2
2 6 2 2 18 6 2 5 5 2 2 2 2 2 1 6 3 2 2 2 2
2 6 2 2 18 2 2 6 2 2 2 2 2 2 1 4 2 2 4 2 2
2 6 2 2 18 3 2 6 2 2 2 2 2 2 1 4 2 2 4 2 2
2 6 2 2 18 4 2 6 2 2 2 2 2 2 1 4 2 2 4 2 2
2 6 2 2 18 5 2 6 2 2 2 2 2 2 1 4 2 2 4 2 2
2 6 2 2 18 6 2 6 2 2 2 2 2 2 1 4 2 2 4 2 2
2 6 2 2 18 2 2 6 2 2 2 2 2 2 1 6 2 2 3 2 2
2 6 2 2 18 3 2 6 2 2 2 2 2 2 1 6 2 2 3 2 2
2 6 2 2 18 4 2 6 2 2 2 2 2 2 1 6 2 2 3 2 2
2 6 2 2 18 5 2 6 2 2 2 2 2 2 1 6 2 2 3 2 2
2 6 2 2 18 6 2 6 2 2 2 2 2 2 1 6 2 2 3 2 2
2 6 2 2 18 2 2 6 3 2 2 2 2 2 1 4 2 2 4 2 2
2 6 2 2 18 3 2 6 3 2 2 2 2 2 1 4 2 2 4 2 2
2 6 2 2 18 4 2 6 3 2 2 2 2 2 1 4 2 2 4 2 2
2 6 2 2 18 5 2 6 3 2 2 2 2 2 1 4 2 2 4 2 2
2 6 2 2 18 6 2 6 3 2 2 2 2 2 1 4 2 2 4 2 2
2 6 2 2 18 2 2 6 3 2 2 2 2 2 1 6 2 2 3 2 2
2 6 2 2 18 3 2 6 3 2 2 2 2 2 1 6 2 2 3 2 2
2 6 2 2 18 4 2 6 3 2 2 2 2 2 1 6 2 2 3 2 2
2 6 2 2 18 5 2 6 3 2 2 2 2 2 1 6 2 2 3 2 2
2 6 2 2 18 6 2 6 3 2 2 2 2 2 1 6 2 2 3 2 2
2 6 2 2 18 2 2 6 4 2 2 2 2 2 1 6 2 2 3 2 2
2 6 2 2 18 3 2 6 4 2 2 2 2 2 1 6 2 2 3 2 2
2 6 2 2 18 4 2 6 4 2 2 2 2 2 1 6 2 2 3 2 2
2 6 2 2 18 5 2 6 4 2 2 2 2 2 1 6 2 2 3 2 2
2 6 2 2 18 6 2 6 4 2 2 2 2 2 1 6 2 2 3 2 2
2 6 2 2 18 2 2 6 5 2 2 2 2 2 1 6 2 2 3 2 2
2 6 2 2 18 3 2 6 5 2 2 2 2 2 1 6 2 2 3 2 2
2 6 2 2 18 4 2 6 5 2 2 2 2 2 1 6 2 2 3 2 2
2 6 2 2 18 5 2 6 5 2 2 2 2 2 1 6 2 2 3 2 2
2 6 2 2 18 6 2 6 5 2 2 2 2 2 1 6 2 2 3 2 2
2 6 2 2 18 2 2 17 2 2 2 2 2 2 1 3 2 2 6 2 2
2 6 2 2 18 3 2 17 2 2 2 2 2 2 1 3 2 2 6 2 2
2 6 2 2 18 4 2 17 2 2 2 2 2 2 1 3 2 2 6 2 2
2 6 2 2 18 5 2 17 2 2 2 2 2 2 1 3 2 2 6 2 2
2 6 2 2 18 6 2 17 2 2 2 2 2 2 1 3 2 2 6 2 2
2 6 2 2 18 2 2 17 2 2 2 2 2 2 1 4 2 2 4 2 2
2 6 2 2 18 3 2 17 2 2 2 2 2 2 1 4 2 2 4 2 2
2 6 2 2 18 4 2 17 2 2 2 2 2 2 1 4 2 2 4 2 2
2 6 2 2 18 5 2 17 2 2 2 2 2 2 1 4 2 2 4 2 2
2 6 2 2 18 6 2 17 2 2 2 2 2 2 1 4 2 2 4 2 2
2 6 2 2 18 2 2 17 2 2 2 2 2 2 1 6 2 2 3 2 2
2 6 2 2 18 3 2 17 2 2 2 2 2 2 1 6 2 2 3 2 2
2 6 2 2 18 4 2 17 2 2 2 2 2 2 1 6 2 2 3 2 2
2 6 2 2 18 5 2 17 2 2 2 2 2 2 1 6 2 2 3 2 2
2 6 2 2 18 6 2 17 2 2 2 2 2 2 1 6 2 2 3 2 2
2 6 2 2 18 2 2 17 3 2 2 2 2 2 1 4 2 2 4 2 2
2 6 2 2 18 3 2 17 3 2 2 2 2 2 1 4 2 2 4 2 2
2 6 2 2 18 4 2 17 3 2 2 2 2 2 1 4 2 2 4 2 2
2 6 2 2 18 5 2 17 3 2 2 2 2 2 1 4 2 2 4 2 2
2 6 2 2 18 6 2 17 3 2 2 2 2 2 1 4 2 2 4 2 2
2 6 2 2 18 2 2 17 3 2 2 2 2 2 1 6 2 2 3 2 2
2 6 2 2 18 3 2 17 3 2 2 2 2 2 1 6 2 2 3 2 2
2 6 2 2 18 4 2 17 3 2 2 2 2 2 1 6 2 2 3 2 2
2 6 2 2 18 5 2 17 3 2 2 2 2 2 1 6 2 2 3 2 2
2 6 2 2 18 6 2 17 3 2 2 2 2 2 1 6 2 2 3 2 2
2 6 2 2 18 2 2 17 4 2 2 2 2 2 1 6 2 2 3 2 2
2 6 2 2 18 3 2 17 4 2 2 2 2 2 1 6 2 2 3 2 2
2 6 2 2 18 4 2 17 4 2 2 2 2 2 1 6 2 2 3 2 2
2 6 2 2 18 5 2 17 4 2 2 2 2 2 1 6 2 2 3 2 2
2 6 2 2 18 6 2 17 4 2 2 2 2 2 1 6 2 2 3 2 2
2 6 2 2 18 2 2 17 5 2 2 2 2 2 1 6 2 2 3 2 2
2 6 2 2 18 3 2 17 5 2 2 2 2 2 1 6 2 2 3 2 2
2 6 2 2 18 4 2 17 5 2 2 2 2 2 1 6 2 2 3 2 2
2 6 2 2 18 5 2 17 5 2 2 2 2 2 1 6 2 2 3 2 2
2 6 2 2 18 6 2 17 5 2 2 2 2 2 1 6 2 2 3 2 2
2 17 2 2 18 2 2 3 3 2 2 2 2 2 1 4 4 2 2 2 2
2 17 2 2 18 2 2 3 3 2 3 2 2 2 1 4 4 2 2 2 2
2 17 2 2 18 2 2 3 3 2 4 2 2 2 1 4 4 2 2 2 2
2 17 2 2 18 3 2 3 3 2 2 2 2 2 1 4 4 2 2 2 2
2 17 2 2 18 3 2 3 3 2 3 2 2 2 1 4 4 2 2 2 2
2 17 2 2 18 3 2 3 3 2 4 2 2 2 1 4 4 2 2 2 2
2 17 2 2 18 4 2 3 3 2 2 2 2 2 1 4 4 2 2 2 2
2 17 2 2 18 4 2 3 3 2 3 2 2 2 1 4 4 2 2 2 2
2 17 2 2 18 5 2 3 3 2 2 2 2 2 1 4 4 2 2 2 2
2 17 2 2 18 5 2 3 3 2 3 2 2 2 1 4 4 2 2 2 2
2 17 2 2 18 6 2 3 3 2 2 2 2 2 1 4 4 2 2 2 2
2 17 2 2 18 27 2 3 3 2 2 2 2 2 1 4 4 2 2 2 2
2 17 2 2 18 2 2 3 3 2 2 2 2 2 1 6 3 2 2 2 2
2 17 2 2 18 2 2 3 3 2 3 2 2 2 1 6 3 2 2 2 2
2 17 2 2 18 2 2 3 3 2 4 2 2 2 1 6 3 2 2 2 2
2 17 2 2 18 2 2 3 3 2 5 2 2 2 1 6 3 2 2 2 2
2 17 2 2 18 3 2 3 3 2 2 2 2 2 1 6 3 2 2 2 2
2 17 2 2 18 3 2 3 3 2 3 2 2 2 1 6 3 2 2 2 2
2 17 2 2 18 3 2 3 3 2 4 2 2 2 1 6 3 2 2 2 2
2 17 2 2 18 4 2 3 3 2 2 2 2 2 1 6 3 2 2 2 2
2 17 2 2 18 4 2 3 3 2 3 2 2 2 1 6 3 2 2 2 2
2 17 2 2 18 5 2 3 3 2 2 2 2 2 1 6 3 2 2 2 2
2 17 2 2 18 5 2 3 3 2 3 2 2 2 1 6 3 2 2 2 2
2 17 2 2 18 6 2 3 3 2 2 2 2 2 1 6 3 2 2 2 2
2 17 2 2 18 27 2 3 3 2 2 2 2 2 1 6 3 2 2 2 2
2 17 2 2 18 2 2 4 2 2 2 2 2 2 1 6 2 2 3 2 2
2 17 2 2 18 2 2 4 2 2 3 2 2 2 1 6 2 2 3 2 2
2 17 2 2 18 3 2 4 2 2 2 2 2 2 1 6 2 2 3 2 2
2 17 2 2 18 3 2 4 2 2 3 2 2 2 1 6 2 2 3 2 2
2 17 2 2 18 4 2 4 2 2 2 2 2 2 1 6 2 2 3 2 2
2 17 2 2 18 5 2 4 2 2 2 2 2 2 1 6 2 2 3 2 2
2 17 2 2 18 6 2 4 2 2 2 2 2 2 1 6 2 2 3 2 2
2 17 2 2 18 27 2 4 2 2 2 2 2 2 1 6 2 2 3 2 2
2 17 2 2 18 2 2 4 2 2 2 2 2 2 1 6 3 2 2 2 2
2 17 2 2 18 2 2 4 2 2 3 2 2 2 1 6 3 2 2 2 2
2 17 2 2 18 3 2 4 2 2 2 2 2 2 1 6 3 2 2 2 2
2 17 2 2 18 3 2 4 2 2 3 2 2 2 1 6 3 2 2 2 2
2 17 2 2 18 4 2 4 2 2 2 2 2 2 1 6 3 2 2 2 2
2 17 2 2 18 5 2 4 2 2 2 2 2 2 1 6 3 2 2 2 2
2 17 2 2 18 6 2 4 2 2 2 2 2 2 1 6 3 2 2 2 2
2 17 2 2 18 27 2 4 2 2 2 2 2 2 1 6 3 2 2 2 2
2 17 2 2 18 2 2 4 2 3 2 2 2 2 1 6 2 2 3 2 2
2 17 2 2 18 2 2 4 2 3 3 2 2 2 1 6 2 2 3 2 2
2 17 2 2 18 3 2 4 2 3 2 2 2 2 1 6 2 2 3 2 2
2 17 2 2 18 3 2 4 2 3 3 2 2 2 1 6 2 2 3 2 2
2 17 2 2 18 4 2 4 2 3 2 2 2 2 1 6 2 2 3 2 2
2 17 2 2 18 5 2 4 2 3 2 2 2 2 1 6 2 2 3 2 2
2 17 2 2 18 6 2 4 2 3 2 2 2 2 1 6 2 2 3 2 2
2 17 2 2 18 27 2 4 2 3 2 2 2 2 1 6 2 2 3 2 2
2 17 2 2 18 2 2 4 3 2 2 2 2 2 1 3 3 2 3 2 2
2 17 2 2 18 2 2 4 3 2 3 2 2 2 1 3 3 2 3 2 2
2 17 2 2 18 3 2 4 3 2 2 2 2 2 1 3 3 2 3 2 2
2 17 2 2 18 3 2 4 3 2 3 2 2 2 1 3 3 2 3 2 2
2 17 2 2 18 4 2 4 3 2 2 2 2 2 1 3 3 2 3 2 2
2 17 2 2 18 5 2 4 3 2 2 2 2 2 1 3 3 2 3 2 2
2 17 2 2 18 6 2 4 3 2 2 2 2 2 1 3 3 2 3 2 2
2 17 2 2 18 27 2 4 3 2 2 2 2 2 1 3 3 2 3 2 2
2 17 2 2 18 2 2 4 3 2 2 2 2 2 1 4 2 2 4 2 2
2 17 2 2 18 2 2 4 3 2 3 2 2 2 1 4 2 2 4 2 2
2 17 2 2 18 3 2 4 3 2 2 2 2 2 1 4 2 2 4 2 2
2 17 2 2 18 3 2 4 3 2 3 2 2 2 1 4 2 2 4 2 2
2 17 2 2 18 4 2 4 3 2 2 2 2 2 1 4 2 2 4 2 2
2 17 2 2 18 5 2 4 3 2 2 2 2 2 1 4 2 2 4 2 2
2 17 2 2 18 6 2 4 3 2 2 2 2 2 1 4 2 2 4 2 2
2 17 2 2 18 27 2 4 3 2 2 2 2 2 1 4 2 2 4 2 2
2 17 2 2 18 2 2 4 3 2 2 2 2 2 1 6 2 2 3 2 2
2 17 2 2 18 2 2 4 3 2 3 2 2 2 1 6 2 2 3 2 2
2 17 2 2 18 3 2 4 3 2 2 2 2 2 1 6 2 2 3 2 2
2 17 2 2 18 3 2 4 3 2 3 2 2 2 1 6 2 2 3 2 2
2 17 2 2 18 4 2 4 3 2 2 2 2 2 1 6 2 2 3 2 2
2 17 2 2 18 5 2 4 3 2 2 2 2 2 1 6 2 2 3 2 2
2 17 2 2 18 6 2 4 3 2 2 2 2 2 1 6 2 2 3 2 2
2 17 2 2 18 27 2 4 3 2 2 2 2 2 1 6 2 2 3 2 2
2 17 2 2 18 2 2 4 3 2 2 2 2 2 1 6 3 2 2 2 2
2 17 2 2 18 2 2 4 3 2 3 2 2 2 1 6 3 2 2 2 2
2 17 2 2 18 3 2 4 3 2 2 2 2 2 1 6 3 2 2 2 2
2 17 2 2 18 3 2 4 3 2 3 2 2 2 1 6 3 2 2 2 2
2 17 2 2 18 4 2 4 3 2 2 2 2 2 1 6 3 2 2 2 2
2 17 2 2 18 5 2 4 3 2 2 2 2 2 1 6 3 2 2 2 2
2 17 2 2 18 6 2 4 3 2 2 2 2 2 1 6 3 2 2 2 2
2 17 2 2 18 27 2 4 3 2 2 2 2 2 1 6 3 2 2 2 2
2 17 2 2 18 2 2 4 4 2 2 2 2 2 1 3 3 2 3 2 2
2 17 2 2 18 2 2 4 4 2 3 2 2 2 1 3 3 2 3 2 2
2 17 2 2 18 3 2 4 4 2 2 2 2 2 1 3 3 2 3 2 2
2 17 2 2 18 3 2 4 4 2 3 2 2 2 1 3 3 2 3 2 2
2 17 2 2 18 4 2 4 4 2 2 2 2 2 1 3 3 2 3 2 2
2 17 2 2 18 5 2 4 4 2 2 2 2 2 1 3 3 2 3 2 2
2 17 2 2 18 6 2 4 4 2 2 2 2 2 1 3 3 2 3 2 2
2 17 2 2 18 27 2 4 4 2 2 2 2 2 1 3 3 2 3 2 2
2 17 2 2 18 2 2 4 4 2 2 2 2 2 1 6 3 2 2 2 2
2 17 2 2 18 2 2 4 4 2 3 2 2 2 1 6 3 2 2 2 2
2 17 2 2 18 3 2 4 4 2 2 2 2 2 1 6 3 2 2 2 2
2 17 2 2 18 3 2 4 4 2 3 2 2 2 1 6 3 2 2 2 2
2 17 2 2 18 4 2 4 4 2 2 2 2 2 1 6 3 2 2 2 2
2 17 2 2 18 5 2 4 4 2 2 2 2 2 1 6 3 2 2 2 2
2 17 2 2 18 6 2 4 4 2 2 2 2 2 1 6 3 2 2 2 2
2 17 2 2 18 27 2 4 4 2 2 2 2 2 1 6 3 2 2 2 2
2 17 2 2 18 2 2 5 2 2 2 2 2 2 1 4 2 2 4 2 2
2 17 2 2 18 2 2 5 2 2 3 2 2 2 1 4 2 2 4 2 2
2 17 2 2 18 3 2 5 2 2 2 2 2 2 1 4 2 2 4 2 2
2 17 2 2 18 3 2 5 2 2 3 2 2 2 1 4 2 2 4 2 2
2 17 2 2 18 4 2 5 2 2 2 2 2 2 1 4 2 2 4 2 2
2 17 2 2 18 5 2 5 2 2 2 2 2 2 1 4 2 2 4 2 2
2 17 2 2 18 6 2 5 2 2 2 2 2 2 1 4 2 2 4 2 2
2 17 2 2 18 27 2 5 2 2 2 2 2 2 1 4 2 2 4 2 2
2 17 2 2 18 2 2 5 2 3 2 2 2 2 1 4 2 2 4 2 2
2 17 2 2 18 3 2 5 2 3 2 2 2 2 1 4 2 2 4 2 2
2 17 2 2 18 4 2 5 2 3 2 2 2 2 1 4 2 2 4 2 2
2 17 2 2 18 5 2 5 2 3 2 2 2 2 1 4 2 2 4 2 2
2 17 2 2 18 6 2 5 2 3 2 2 2 2 1 4 2 2 4 2 2
2 17 2 2 18 27 2 5 2 3 2 2 2 2 1 4 2 2 4 2 2
2 17 2 2 18 2 2 5 2 2 2 2 2 2 1 6 2 2 3 2 2
2 17 2 2 18 2 2 5 2 2 3 2 2 2 1 6 2 2 3 2 2
2 17 2 2 18 3 2 5 2 2 2 2 2 2 1 6 2 2 3 2 2
2 17 2 2 18 3 2 5 2 2 3 2 2 2 1 6 2 2 3 2 2
2 17 2 2 18 4 2 5 2 2 2 2 2 2 1 6 2 2 3 2 2
2 17 2 2 18 5 2 5 2 2 2 2 2 2 1 6 2 2 3 2 2
2 17 2 2 18 6 2 5 2 2 2 2 2 2 1 6 2 2 3 2 2
2 17 2 2 18 27 2 5 2 2 2 2 2 2 1 6 2 2 3 2 2
2 17 2 2 18 2 2 5 2 2 2 2 2 2 1 6 3 2 2 2 2
2 17 2 2 18 3 2 5 2 2 2 2 2 2 1 6 3 2 2 2 2
2 17 2 2 18 4 2 5 2 2 2 2 2 2 1 6 3 2 2 2 2
2 17 2 2 18 5 2 5 2 2 2 2 2 2 1 6 3 2 2 2 2
2 17 2 2 18 6 2 5 2 2 2 2 2 2 1 6 3 2 2 2 2
2 17 2 2 18 27 2 5 2 2 2 2 2 2 1 6 3 2 2 2 2
2 17 2 2 18 2 2 5 2 3 2 2 2 2 1 6 2 2 3 2 2
2 17 2 2 18 3 2 5 2 3 2 2 2 2 1 6 2 2 3 2 2
2 17 2 2 18 4 2 5 2 3 2 2 2 2 1 6 2 2 3 2 2
2 17 2 2 18 5 2 5 2 3 2 2 2 2 1 6 2 2 3 2 2
2 17 2 2 18 6 2 5 2 3 2 2 2 2 1 6 2 2 3 2 2
2 17 2 2 18 27 2 5 2 3 2 2 2 2 1 6 2 2 3 2 2
2 17 2 2 18 2 2 5 3 2 2 2 2 2 1 3 3 2 3 2 2
2 17 2 2 18 3 2 5 3 2 2 2 2 2 1 3 3 2 3 2 2
2 17 2 2 18 4 2 5 3 2 2 2 2 2 1 3 3 2 3 2 2
2 17 2 2 18 5 2 5 3 2 2 2 2 2 1 3 3 2 3 2 2
2 17 2 2 18 6 2 5 3 2 2 2 2 2 1 3 3 2 3 2 2
2 17 2 2 18 27 2 5 3 2 2 2 2 2 1 3 3 2 3 2 2
2 17 2 2 18 2 2 5 3 2 2 2 2 2 1 4 2 2 4 2 2
2 17 2 2 18 2 2 5 3 2 3 2 2 2 1 4 2 2 4 2 2
2 17 2 2 18 3 2 5 3 2 2 2 2 2 1 4 2 2 4 2 2
2 17 2 2 18 3 2 5 3 2 3 2 2 2 1 4 2 2 4 2 2
2 17 2 2 18 4 2 5 3 2 2 2 2 2 1 4 2 2 4 2 2
2 17 2 2 18 5 2 5 3 2 2 2 2 2 1 4 2 2 4 2 2
2 17 2 2 18 6 2 5 3 2 2 2 2 2 1 4 2 2 4 2 2
2 17 2 2 18 27 2 5 3 2 2 2 2 2 1 4 2 2 4 2 2
2 17 2 2 18 2 2 5 3 2 2 2 2 2 1 6 2 2 3 2 2
2 17 2 2 18 2 2 5 3 2 3 2 2 2 1 6 2 2 3 2 2
2 17 2 2 18 3 2 5 3 2 2 2 2 2 1 6 2 2 3 2 2
2 17 2 2 18 3 2 5 3 2 3 2 2 2 1 6 2 2 3 2 2
2 17 2 2 18 4 2 5 3 2 2 2 2 2 1 6 2 2 3 2 2
2 17 2 2 18 5 2 5 3 2 2 2 2 2 1 6 2 2 3 2 2
2 17 2 2 18 6 2 5 3 2 2 2 2 2 1 6 2 2 3 2 2
2 17 2 2 18 27 2 5 3 2 2 2 2 2 1 6 2 2 3 2 2
2 17 2 2 18 2 2 5 3 2 2 2 2 2 1 6 3 2 2 2 2
2 17 2 2 18 3 2 5 3 2 2 2 2 2 1 6 3 2 2 2 2
2 17 2 2 18 4 2 5 3 2 2 2 2 2 1 6 3 2 2 2 2
2 17 2 2 18 5 2 5 3 2 2 2 2 2 1 6 3 2 2 2 2
2 17 2 2 18 6 2 5 3 2 2 2 2 2 1 6 3 2 2 2 2
2 17 2 2 18 27 2 5 3 2 2 2 2 2 1 6 3 2 2 2 2
2 17 2 2 18 2 2 5 4 2 2 2 2 2 1 3 3 2 3 2 2
2 17 2 2 18 3 2 5 4 2 2 2 2 2 1 3 3 2 3 2 2
2 17 2 2 18 4 2 5 4 2 2 2 2 2 1 3 3 2 3 2 2
2 17 2 2 18 5 2 5 4 2 2 2 2 2 1 3 3 2 3 2 2
2 17 2 2 18 6 2 5 4 2 2 2 2 2 1 3 3 2 3 2 2
2 17 2 2 18 27 2 5 4 2 2 2 2 2 1 3 3 2 3 2 2
2 17 2 2 18 2 2 5 4 2 2 2 2 2 1 6 2 2 3 2 2
2 17 2 2 18 2 2 5 4 2 3 2 2 2 1 6 2 2 3 2 2
2 17 2 2 18 3 2 5 4 2 2 2 2 2 1 6 2 2 3 2 2
2 17 2 2 18 3 2 5 4 2 3 2 2 2 1 6 2 2 3 2 2
2 17 2 2 18 4 2 5 4 2 2 2 2 2 1 6 2 2 3 2 2
2 17 2 2 18 5 2 5 4 2 2 2 2 2 1 6 2 2 3 2 2
2 17 2 2 18 6 2 5 4 2 2 2 2 2 1 6 2 2 3 2 2
2 17 2 2 18 27 2 5 4 2 2 2 2 2 1 6 2 2 3 2 2
2 17 2 2 18 2 2 5 4 2 2 2 2 2 1 6 3 2 2 2 2
2 17 2 2 18 3 2 5 4 2 2 2 2 2 1 6 3 2 2 2 2
2 17 2 2 18 4 2 5 4 2 2 2 2 2 1 6 3 2 2 2 2
2 17 2 2 18 5 2 5 4 2 2 2 2 2 1 6 3 2 2 2 2
2 17 2 2 18 6 2 5 4 2 2 2 2 2 1 6 3 2 2 2 2
2 17 2 2 18 27 2 5 4 2 2 2 2 2 1 6 3 2 2 2 2
2 17 2 2 18 2 2 5 5 2 2 2 2 2 1 3 3 2 3 2 2
2 17 2 2 18 3 2 5 5 2 2 2 2 2 1 3 3 2 3 2 2
2 17 2 2 18 4 2 5 5 2 2 2 2 2 1 3 3 2 3 2 2
2 17 2 2 18 5 2 5 5 2 2 2 2 2 1 3 3 2 3 2 2
2 17 2 2 18 6 2 5 5 2 2 2 2 2 1 3 3 2 3 2 2
2 17 2 2 18 27 2 5 5 2 2 2 2 2 1 3 3 2 3 2 2
2 17 2 2 18 2 2 5 5 2 2 2 2 2 1 6 3 2 2 2 2
2 17 2 2 18 3 2 5 5 2 2 2 2 2 1 6 3 2 2 2 2
2 17 2 2 18 4 2 5 5 2 2 2 2 2 1 6 3 2 2 2 2
2 17 2 2 18 5 2 5 5 2 2 2 2 2 1 6 3 2 2 2 2
2 17 2 2 18 6 2 5 5 2 2 2 2 2 1 6 3 2 2 2 2
2 17 2 2 18 27 2 5 5 2 2 2 2 2 1 6 3 2 2 2 2
2 17 2 2 18 2 2 6 2 2 2 2 2 2 1 4 2 2 4 2 2
2 17 2 2 18 3 2 6 2 2 2 2 2 2 1 4 2 2 4 2 2
2 17 2 2 18 4 2 6 2 2 2 2 2 2 1 4 2 2 4 2 2
2 17 2 2 18 5 2 6 2 2 2 2 2 2 1 4 2 2 4 2 2
2 17 2 2 18 6 2 6 2 2 2 2 2 2 1 4 2 2 4 2 2
2 17 2 2 18 27 2 6 2 2 2 2 2 2 1 4 2 2 4 2 2
2 17 2 2 18 2 2 6 2 2 2 2 2 2 1 6 2 2 3 2 2
2 17 2 2 18 3 2 6 2 2 2 2 2 2 1 6 2 2 3 2 2
2 17 2 2 18 4 2 6 2 2 2 2 2 2 1 6 2 2 3 2 2
2 17 2 2 18 5 2 6 2 2 2 2 2 2 1 6 2 2 3 2 2
2 17 2 2 18 6 2 6 2 2 2 2 2 2 1 6 2 2 3 2 2
2 17 2 2 18 27 2 6 2 2 2 2 2 2 1 6 2 2 3 2 2
2 17 2 2 18 2 2 6 3 2 2 2 2 2 1 4 2 2 4 2 2
2 17 2 2 18 3 2 6 3 2 2 2 2 2 1 4 2 2 4 2 2
2 17 2 2 18 4 2 6 3 2 2 2 2 2 1 4 2 2 4 2 2
2 17 2 2 18 5 2 6 3 2 2 2 2 2 1 4 2 2 4 2 2
2 17 2 2 18 6 2 6 3 2 2 2 2 2 1 4 2 2 4 2 2
2 17 2 2 18 27 2 6 3 2 2 2 2 2 1 4 2 2 4 2 2
2 17 2 2 18 2 2 6 3 2 2 2 2 2 1 6 2 2 3 2 2
2 17 2 2 18 3 2 6 3 2 2 2 2 2 1 6 2 2 3 2 2
2 17 2 2 18 4 2 6 3 2 2 2 2 2 1 6 2 2 3 2 2
2 17 2 2 18 5 2 6 3 2 2 2 2 2 1 6 2 2 3 2 2
2 17 2 2 18 6 2 6 3 2 2 2 2 2 1 6 2 2 3 2 2
2 17 2 2 18 27 2 6 3 2 2 2 2 2 1 6 2 2 3 2 2
2 17 2 2 18 2 2 6 4 2 2 2 2 2 1 6 2 2 3 2 2
2 17 2 2 18 3 2 6 4 2 2 2 2 2 1 6 2 2 3 2 2
2 17 2 2 18 4 2 6 4 2 2 2 2 2 1 6 2 2 3 2 2
2 17 2 2 18 5 2 6 4 2 2 2 2 2 1 6 2 2 3 2 2
2 17 2 2 18 6 2 6 4 2 2 2 2 2 1 6 2 2 3 2 2
2 17 2 2 18 27 2 6 4 2 2 2 2 2 1 6 2 2 3 2 2
2 17 2 2 18 2 2 6 5 2 2 2 2 2 1 6 2 2 3 2 2
2 17 2 2 18 3 2 6 5 2 2 2 2 2 1 6 2 2 3 2 2
2 17 2 2 18 4 2 6 5 2 2 2 2 2 1 6 2 2 3 2 2
2 17 2 2 18 5 2 6 5 2 2 2 2 2 1 6 2 2 3 2 2
2 17 2 2 18 6 2 6 5 2 2 2 2 2 1 6 2 2 3 2 2
2 17 2 2 18 27 2 6 5 2 2 2 2 2 1 6 2 2 3 2 2
2 17 2 2 18 2 2 27 2 2 2 2 2 2 1 3 2 2 6 2 2
2 17 2 2 18 3 2 27 2 2 2 2 2 2 1 3 2 2 6 2 2
2 17 2 2 18 4 2 27 2 2 2 2 2 2 1 3 2 2 6 2 2
2 17 2 2 18 5 2 27 2 2 2 2 2 2 1 3 2 2 6 2 2
2 17 2 2 18 6 2 27 2 2 2 2 2 2 1 3 2 2 6 2 2
2 17 2 2 18 27 2 37 2 2 2 2 2 2 1 3 2 2 6 2 2
2 17 2 2 18 2 2 27 2 2 2 2 2 2 1 4 2 2 4 2 2
2 17 2 2 18 3 2 27 2 2 2 2 2 2 1 4 2 2 4 2 2
2 17 2 2 18 4 2 27 2 2 2 2 2 2 1 4 2 2 4 2 2
2 17 2 2 18 5 2 27 2 2 2 2 2 2 1 4 2 2 4 2 2
2 17 2 2 18 6 2 27 2 2 2 2 2 2 1 4 2 2 4 2 2
2 17 2 2 18 27 2 37 2 2 2 2 2 2 1 4 2 2 4 2 2
2 17 2 2 18 2 2 27 2 2 2 2 2 2 1 6 2 2 3 2 2
2 17 2 2 18 3 2 27 2 2 2 2 2 2 1 6 2 2 3 2 2
2 17 2 2 18 4 2 27 2 2 2 2 2 2 1 6 2 2 3 2 2
2 17 2 2 18 5 2 27 2 2 2 2 2 2 1 6 2 2 3 2 2
2 17 2 2 18 6 2 27 2 2 2 2 2 2 1 6 2 2 3 2 2
2 17 2 2 18 27 2 37 2 2 2 2 2 2 1 6 2 2 3 2 2
2 17 2 2 18 2 2 27 3 2 2 2 2 2 1 4 2 2 4 2 2
2 17 2 2 18 3 2 27 3 2 2 2 2 2 1 4 2 2 4 2 2
2 17 2 2 18 4 2 27 3 2 2 2 2 2 1 4 2 2 4 2 2
2 17 2 2 18 5 2 27 3 2 2 2 2 2 1 4 2 2 4 2 2
2 17 2 2 18 6 2 27 3 2 2 2 2 2 1 4 2 2 4 2 2
2 17 2 2 18 27 2 37 3 2 2 2 2 2 1 4 2 2 4 2 2
2 17 2 2 18 2 2 27 3 2 2 2 2 2 1 6 2 2 3 2 2
2 17 2 2 18 3 2 27 3 2 2 2 2 2 1 6 2 2 3 2 2
2 17 2 2 18 4 2 27 3 2 2 2 2 2 1 6 2 2 3 2 2
2 17 2 2 18 5 2 27 3 2 2 2 2 2 1 6 2 2 3 2 2
2 17 2 2 18 6 2 27 3 2 2 2 2 2 1 6 2 2 3 2 2
2 17 2 2 18 27 2 37 3 2 2 2 2 2 1 6 2 2 3 2 2
2 17 2 2 18 2 2 27 4 2 2 2 2 2 1 6 2 2 3 2 2
2 17 2 2 18 3 2 27 4 2 2 2 2 2 1 6 2 2 3 2 2
2 17 2 2 18 4 2 27 4 2 2 2 2 2 1 6 2 2 3 2 2
2 17 2 2 18 5 2 27 4 2 2 2 2 2 1 6 2 2 3 2 2
2 17 2 2 18 6 2 27 4 2 2 2 2 2 1 6 2 2 3 2 2
2 17 2 2 18 27 2 37 4 2 2 2 2 2 1 6 2 2 3 2 2
2 17 2 2 18 2 2 27 5 2 2 2 2 2 1 6 2 2 3 2 2
2 17 2 2 18 3 2 27 5 2 2 2 2 2 1 6 2 2 3 2 2
2 17 2 2 18 4 2 27 5 2 2 2 2 2 1 6 2 2 3 2 2
2 17 2 2 18 5 2 27 5 2 2 2 2 2 1 6 2 2 3 2 2
2 17 2 2 18 6 2 27 5 2 2 2 2 2 1 6 2 2 3 2 2
2 17 2 2 18 27 2 37 5 2 2 2 2 2 1 6 2 2 3 2 2
3 2 2 2 18 2 3 3 3 2 2 2 2 2 1 4 4 2 2 2 2
3 2 2 2 18 2 3 3 3 2 3 2 2 2 1 4 4 2 2 2 2
3 2 2 2 18 2 3 3 3 2 2 2 2 2 1 6 3 2 2 2 2
3 2 2 2 18 2 3 3 3 2 3 2 2 2 1 6 3 2 2 2 2
3 3 2 2 18 2 2 3 3 2 2 2 2 2 1 4 4 2 2 2 2
3 3 2 2 18 2 2 3 3 2 3 2 2 2 1 4 4 2 2 2 2
3 3 2 2 18 3 2 3 3 2 2 2 2 2 1 4 4 2 2 2 2
3 3 2 2 18 2 2 3 3 2 2 2 2 2 1 6 3 2 2 2 2
3 3 2 2 18 2 2 3 3 2 3 2 2 2 1 6 3 2 2 2 2
3 3 2 2 18 3 2 3 3 2 2 2 2 2 1 6 3 2 2 2 2
3 3 2 2 18 2 2 4 2 2 2 2 2 2 1 6 2 2 3 2 2
3 3 2 2 18 3 2 4 2 2 2 2 2 2 1 6 2 2 3 2 2
3 3 2 2 18 2 2 4 2 2 2 2 2 2 1 6 3 2 2 2 2
3 3 2 2 18 3 2 4 2 2 2 2 2 2 1 6 3 2 2 2 2
3 3 2 2 18 2 2 4 2 3 2 2 2 2 1 6 2 2 3 2 2
3 3 2 2 18 3 2 4 2 3 2 2 2 2 1 6 2 2 3 2 2
3 3 2 2 18 2 2 4 3 2 2 2 2 2 1 3 3 2 3 2 2
3 3 2 2 18 3 2 4 3 2 2 2 2 2 1 3 3 2 3 2 2
3 3 2 2 18 2 2 4 3 2 2 2 2 2 1 4 2 2 4 2 2
3 3 2 2 18 3 2 4 3 2 2 2 2 2 1 4 2 2 4 2 2
3 3 2 2 18 2 2 4 3 2 2 2 2 2 1 6 2 2 3 2 2
3 3 2 2 18 3 2 4 3 2 2 2 2 2 1 6 2 2 3 2 2
3 3 2 2 18 2 2 4 3 2 2 2 2 2 1 6 3 2 2 2 2
3 3 2 2 18 3 2 4 3 2 2 2 2 2 1 6 3 2 2 2 2
3 3 2 2 18 2 2 4 4 2 2 2 2 2 1 3 3 2 3 2 2
3 3 2 2 18 3 2 4 4 2 2 2 2 2 1 3 3 2 3 2 2
3 3 2 2 18 2 2 4 4 2 2 2 2 2 1 6 3 2 2 2 2
3 3 2 2 18 3 2 4 4 2 2 2 2 2 1 6 3 2 2 2 2
3 3 2 2 18 2 2 5 2 2 2 2 2 2 1 4 2 2 4 2 2
3 3 2 2 18 3 2 5 2 2 2 2 2 2 1 4 2 2 4 2 2
3 3 2 2 18 2 2 5 2 3 2 2 2 2 1 4 2 2 4 2 2
3 3 2 2 18 3 2 5 2 3 2 2 2 2 1 4 2 2 4 2 2
3 3 2 2 18 2 2 5 2 2 2 2 2 2 1 6 2 2 3 2 2
3 3 2 2 18 3 2 5 2 2 2 2 2 2 1 6 2 2 3 2 2
3 3 2 2 18 2 2 5 2 2 2 2 2 2 1 6 3 2 2 2 2
3 3 2 2 18 3 2 5 2 2 2 2 2 2 1 6 3 2 2 2 2
3 3 2 2 18 2 2 5 2 3 2 2 2 2 1 6 2 2 3 2 2
3 3 2 2 18 3 2 5 2 3 2 2 2 2 1 6 2 2 3 2 2
3 3 2 2 18 2 2 5 3 2 2 2 2 2 1 3 3 2 3 2 2
3 3 2 2 18 3 2 5 3 2 2 2 2 2 1 3 3 2 3 2 2
3 3 2 2 18 2 2 5 3 2 2 2 2 2 1 4 2 2 4 2 2
3 3 2 2 18 3 2 5 3 2 2 2 2 2 1 4 2 2 4 2 2
3 3 2 2 18 2 2 5 3 2 2 2 2 2 1 6 2 2 3 2 2
3 3 2 2 18 3 2 5 3 2 2 2 2 2 1 6 2 2 3 2 2
3 3 2 2 18 2 2 5 3 2 2 2 2 2 1 6 3 2 2 2 2
3 3 2 2 18 3 2 5 3 2 2 2 2 2 1 6 3 2 2 2 2
3 3 2 2 18 2 2 5 4 2 2 2 2 2 1 3 3 2 3 2 2
3 3 2 2 18 3 2 5 4 2 2 2 2 2 1 3 3 2 3 2 2
3 3 2 2 18 2 2 5 4 2 2 2 2 2 1 6 2 2 3 2 2
3 3 2 2 18 3 2 5 4 2 2 2 2 2 1 6 2 2 3 2 2
3 3 2 2 18 2 2 5 4 2 2 2 2 2 1 6 3 2 2 2 2
3 3 2 2 18 3 2 5 4 2 2 2 2 2 1 6 3 2 2 2 2
3 3 2 2 18 2 2 5 5 2 2 2 2 2 1 3 3 2 3 2 2
3 3 2 2 18 3 2 5 5 2 2 2 2 2 1 3 3 2 3 2 2
3 3 2 2 18 2 2 5 5 2 2 2 2 2 1 6 3 2 2 2 2
3 3 2 2 18 3 2 5 5 2 2 2 2 2 1 6 3 2 2 2 2
3 3 3 2 18 2 2 2 5 2 2 2 2 2 1 4 4 2 2 2 2
3 3 3 2 18 3 2 2 5 2 2 2 2 2 1 4 4 2 2 2 2
3 3 3 2 18 2 2 2 5 3 2 2 2 2 1 4 4 2 2 2 2
3 3 3 2 18 3 2 2 5 3 2 2 2 2 1 4 4 2 2 2 2
3 4 2 2 18 2 2 3 3 2 2 2 2 2 1 4 4 2 2 2 2
3 4 2 2 18 2 2 3 3 2 3 2 2 2 1 4 4 2 2 2 2
3 4 2 2 18 3 2 3 3 2 2 2 2 2 1 4 4 2 2 2 2
3 4 2 2 18 4 2 3 3 2 2 2 2 2 1 4 4 2 2 2 2
3 4 2 2 18 2 2 3 3 2 2 2 2 2 1 6 3 2 2 2 2
3 4 2 2 18 2 2 3 3 2 3 2 2 2 1 6 3 2 2 2 2
3 4 2 2 18 3 2 3 3 2 2 2 2 2 1 6 3 2 2 2 2
3 4 2 2 18 4 2 3 3 2 2 2 2 2 1 6 3 2 2 2 2
3 5 2 2 18 2 2 3 3 2 2 2 2 2 1 4 4 2 2 2 2
3 5 2 2 18 2 2 3 3 2 3 2 2 2 1 4 4 2 2 2 2
3 5 2 2 18 3 2 3 3 2 2 2 2 2 1 4 4 2 2 2 2
3 5 2 2 18 4 2 3 3 2 2 2 2 2 1 4 4 2 2 2 2
3 5 2 2 18 5 2 3 3 2 2 2 2 2 1 4 4 2 2 2 2
3 5 2 2 18 2 2 3 3 2 2 2 2 2 1 6 3 2 2 2 2
3 5 2 2 18 2 2 3 3 2 3 2 2 2 1 6 3 2 2 2 2
3 5 2 2 18 3 2 3 3 2 2 2 2 2 1 6 3 2 2 2 2
3 5 2 2 18 4 2 3 3 2 2 2 2 2 1 6 3 2 2 2 2
3 5 2 2 18 5 2 3 3 2 2 2 2 2 1 6 3 2 2 2 2
4 3 2 2 18 2 2 3 3 2 2 2 2 2 1 4 4 2 2 2 2
4 3 2 2 18 3 2 3 3 2 2 2 2 2 1 4 4 2 2 2 2
4 3 2 2 18 2 2 3 3 2 2 2 2 2 1 6 3 2 2 2 2
4 3 2 2 18 3 2 3 3 2 2 2 2 2 1 6 3 2 2 2 2
2 3 3 2 18 2 3 3 3 2 2 2 2 2 1 4 2 2 4 2 2
2 3 3 2 18 2 3 3 3 2 3 2 2 2 1 4 2 2 4 2 2
2 3 3 2 18 2 3 3 3 2 4 2 2 2 1 4 2 2 4 2 2
2 3 3 2 18 3 3 3 3 2 2 2 2 2 1 4 2 2 4 2 2
2 3 3 2 18 4 3 3 3 2 2 2 2 2 1 4 2 2 4 2 2
2 3 3 2 18 3 3 3 3 2 3 2 2 2 1 4 2 2 4 2 2
2 3 3 2 18 2 3 3 3 2 2 2 2 2 1 4 4 2 2 2 2
2 3 3 2 18 2 3 3 3 2 3 2 2 2 1 4 4 2 2 2 2
2 3 3 2 18 2 3 3 3 2 4 2 2 2 1 4 4 2 2 2 2
2 3 3 2 18 3 3 3 3 2 2 2 2 2 1 4 4 2 2 2 2
2 3 3 2 18 4 3 3 3 2 2 2 2 2 1 4 4 2 2 2 2
2 3 3 2 18 3 3 3 3 2 3 2 2 2 1 4 4 2 2 2 2
2 3 3 2 18 2 3 3 4 2 2 2 2 2 1 3 3 2 3 2 2
2 3 3 2 18 2 3 3 4 2 3 2 2 2 1 3 3 2 3 2 2
2 3 3 2 18 3 3 3 4 2 2 2 2 2 1 3 3 2 3 2 2
2 3 3 2 18 4 3 3 4 2 2 2 2 2 1 3 3 2 3 2 2
2 3 3 2 18 5 3 3 4 2 2 2 2 2 1 3 3 2 3 2 2
2 3 3 2 18 3 3 3 4 2 3 2 2 2 1 3 3 2 3 2 2
2 3 3 2 18 2 3 3 4 2 2 2 2 2 1 4 4 2 2 2 2
2 3 3 2 18 2 3 3 4 2 3 2 2 2 1 4 4 2 2 2 2
2 3 3 2 18 3 3 3 4 2 2 2 2 2 1 4 4 2 2 2 2
2 3 3 2 18 4 3 3 4 2 2 2 2 2 1 4 4 2 2 2 2
2 3 3 2 18 3 3 3 4 2 3 2 2 2 1 4 4 2 2 2 2
2 3 3 2 18 2 3 3 5 2 2 2 2 2 1 4 4 2 2 2 2
2 3 3 2 18 2 3 3 5 2 3 2 2 2 1 4 4 2 2 2 2
2 3 3 2 18 3 3 3 5 2 2 2 2 2 1 4 4 2 2 2 2
2 3 3 2 18 4 3 3 5 2 2 2 2 2 1 4 4 2 2 2 2
2 3 3 2 18 3 3 3 5 2 3 2 2 2 1 4 4 2 2 2 2
2 4 2 2 18 2 3 4 2 2 2 2 2 2 1 6 2 2 3 2 2
2 4 2 2 18 2 3 4 2 2 3 2 2 2 1 6 2 2 3 2 2
2 4 2 2 18 3 3 4 2 2 2 2 2 2 1 6 2 2 3 2 2
2 4 2 2 18 3 3 4 2 2 3 2 2 2 1 6 2 2 3 2 2
2 4 2 2 18 4 3 4 2 2 2 2 2 2 1 6 2 2 3 2 2
2 4 2 2 18 5 3 4 2 2 2 2 2 2 1 6 2 2 3 2 2
2 4 2 2 18 6 3 4 2 2 2 2 2 2 1 6 2 2 3 2 2
2 4 2 2 18 17 3 4 2 2 2 2 2 2 1 6 2 2 3 2 2
2 4 2 2 18 4 3 4 2 2 3 2 2 2 1 6 2 2 3 2 2
2 4 2 2 18 2 3 4 2 2 2 2 2 2 1 6 3 2 2 2 2
2 4 2 2 18 2 3 4 2 2 3 2 2 2 1 6 3 2 2 2 2
2 4 2 2 18 3 3 4 2 2 2 2 2 2 1 6 3 2 2 2 2
2 4 2 2 18 3 3 4 2 2 3 2 2 2 1 6 3 2 2 2 2
2 4 2 2 18 4 3 4 2 2 2 2 2 2 1 6 3 2 2 2 2
2 4 2 2 18 5 3 4 2 2 2 2 2 2 1 6 3 2 2 2 2
2 4 2 2 18 6 3 4 2 2 2 2 2 2 1 6 3 2 2 2 2
2 4 2 2 18 17 3 4 2 2 2 2 2 2 1 6 3 2 2 2 2
2 4 2 2 18 4 3 4 2 2 3 2 2 2 1 6 3 2 2 2 2
2 4 2 2 18 2 3 4 2 3 2 2 2 2 1 6 2 2 3 2 2
2 4 2 2 18 2 3 4 2 3 3 2 2 2 1 6 2 2 3 2 2
2 4 2 2 18 3 3 4 2 3 2 2 2 2 1 6 2 2 3 2 2
2 4 2 2 18 3 3 4 2 3 3 2 2 2 1 6 2 2 3 2 2
2 4 2 2 18 4 3 4 2 3 2 2 2 2 1 6 2 2 3 2 2
2 4 2 2 18 5 3 4 2 3 2 2 2 2 1 6 2 2 3 2 2
2 4 2 2 18 6 3 4 2 3 2 2 2 2 1 6 2 2 3 2 2
2 4 2 2 18 17 3 4 2 3 2 2 2 2 1 6 2 2 3 2 2
2 4 2 2 18 4 3 4 2 3 3 2 2 2 1 6 2 2 3 2 2
2 4 2 2 18 2 3 4 3 2 2 2 2 2 1 3 3 2 3 2 2
2 4 2 2 18 2 3 4 3 2 3 2 2 2 1 3 3 2 3 2 2
2 4 2 2 18 3 3 4 3 2 2 2 2 2 1 3 3 2 3 2 2
2 4 2 2 18 3 3 4 3 2 3 2 2 2 1 3 3 2 3 2 2
2 4 2 2 18 4 3 4 3 2 2 2 2 2 1 3 3 2 3 2 2
2 4 2 2 18 5 3 4 3 2 2 2 2 2 1 3 3 2 3 2 2
2 4 2 2 18 6 3 4 3 2 2 2 2 2 1 3 3 2 3 2 2
2 4 2 2 18 17 3 4 3 2 2 2 2 2 1 3 3 2 3 2 2
2 4 2 2 18 4 3 4 3 2 3 2 2 2 1 3 3 2 3 2 2
2 4 2 2 18 2 3 4 3 2 2 2 2 2 1 4 2 2 4 2 2
2 4 2 2 18 2 3 4 3 2 3 2 2 2 1 4 2 2 4 2 2
2 4 2 2 18 3 3 4 3 2 2 2 2 2 1 4 2 2 4 2 2
2 4 2 2 18 3 3 4 3 2 3 2 2 2 1 4 2 2 4 2 2
2 4 2 2 18 4 3 4 3 2 2 2 2 2 1 4 2 2 4 2 2
2 4 2 2 18 5 3 4 3 2 2 2 2 2 1 4 2 2 4 2 2
2 4 2 2 18 6 3 4 3 2 2 2 2 2 1 4 2 2 4 2 2
2 4 2 2 18 17 3 4 3 2 2 2 2 2 1 4 2 2 4 2 2
2 4 2 2 18 4 3 4 3 2 3 2 2 2 1 4 2 2 4 2 2
2 4 2 2 18 2 3 4 3 2 2 2 2 2 1 6 2 2 3 2 2
2 4 2 2 18 2 3 4 3 2 3 2 2 2 1 6 2 2 3 2 2
2 4 2 2 18 3 3 4 3 2 2 2 2 2 1 6 2 2 3 2 2
2 4 2 2 18 3 3 4 3 2 3 2 2 2 1 6 2 2 3 2 2
2 4 2 2 18 4 3 4 3 2 2 2 2 2 1 6 2 2 3 2 2
2 4 2 2 18 5 3 4 3 2 2 2 2 2 1 6 2 2 3 2 2
2 4 2 2 18 6 3 4 3 2 2 2 2 2 1 6 2 2 3 2 2
2 4 2 2 18 17 3 4 3 2 2 2 2 2 1 6 2 2 3 2 2
2 4 2 2 18 4 3 4 3 2 3 2 2 2 1 6 2 2 3 2 2
2 4 2 2 18 2 3 4 3 2 2 2 2 2 1 6 3 2 2 2 2
2 4 2 2 18 2 3 4 3 2 3 2 2 2 1 6 3 2 2 2 2
2 4 2 2 18 3 3 4 3 2 2 2 2 2 1 6 3 2 2 2 2
2 4 2 2 18 3 3 4 3 2 3 2 2 2 1 6 3 2 2 2 2
2 4 2 2 18 4 3 4 3 2 2 2 2 2 1 6 3 2 2 2 2
2 4 2 2 18 5 3 4 3 2 2 2 2 2 1 6 3 2 2 2 2
2 4 2 2 18 6 3 4 3 2 2 2 2 2 1 6 3 2 2 2 2
2 4 2 2 18 17 3 4 3 2 2 2 2 2 1 6 3 2 2 2 2
2 4 2 2 18 4 3 4 3 2 3 2 2 2 1 6 3 2 2 2 2
2 4 2 2 18 2 3 4 4 2 2 2 2 2 1 3 3 2 3 2 2
2 4 2 2 18 2 3 4 4 2 3 2 2 2 1 3 3 2 3 2 2
2 4 2 2 18 3 3 4 4 2 2 2 2 2 1 3 3 2 3 2 2
2 4 2 2 18 3 3 4 4 2 3 2 2 2 1 3 3 2 3 2 2
2 4 2 2 18 4 3 4 4 2 2 2 2 2 1 3 3 2 3 2 2
2 4 2 2 18 5 3 4 4 2 2 2 2 2 1 3 3 2 3 2 2
2 4 2 2 18 6 3 4 4 2 2 2 2 2 1 3 3 2 3 2 2
2 4 2 2 18 17 3 4 4 2 2 2 2 2 1 3 3 2 3 2 2
2 4 2 2 18 4 3 4 4 2 3 2 2 2 1 3 3 2 3 2 2
2 4 2 2 18 2 3 4 4 2 2 2 2 2 1 6 3 2 2 2 2
2 4 2 2 18 2 3 4 4 2 3 2 2 2 1 6 3 2 2 2 2
2 4 2 2 18 3 3 4 4 2 2 2 2 2 1 6 3 2 2 2 2
2 4 2 2 18 3 3 4 4 2 3 2 2 2 1 6 3 2 2 2 2
2 4 2 2 18 4 3 4 4 2 2 2 2 2 1 6 3 2 2 2 2
2 4 2 2 18 5 3 4 4 2 2 2 2 2 1 6 3 2 2 2 2
2 4 2 2 18 6 3 4 4 2 2 2 2 2 1 6 3 2 2 2 2
2 4 2 2 18 17 3 4 4 2 2 2 2 2 1 6 3 2 2 2 2
2 4 2 2 18 4 3 4 4 2 3 2 2 2 1 6 3 2 2 2 2
2 4 3 2 18 2 2 4 3 2 2 2 2 2 1 3 3 2 3 2 2
2 4 3 2 18 2 2 4 3 2 3 2 2 2 1 3 3 2 3 2 2
2 4 3 2 18 3 2 4 3 2 2 2 2 2 1 3 3 2 3 2 2
2 4 3 2 18 4 2 4 3 2 2 2 2 2 1 3 3 2 3 2 2
2 4 3 2 18 2 2 4 3 2 2 2 2 2 1 4 2 2 4 2 2
2 4 3 2 18 2 2 4 3 2 3 2 2 2 1 4 2 2 4 2 2
2 4 3 2 18 3 2 4 3 2 2 2 2 2 1 4 2 2 4 2 2
2 4 3 2 18 4 2 4 3 2 2 2 2 2 1 4 2 2 4 2 2
2 4 3 2 18 2 2 4 4 2 2 2 2 2 1 3 3 2 3 2 2
2 4 3 2 18 2 2 4 4 2 3 2 2 2 1 3 3 2 3 2 2
2 4 3 2 18 3 2 4 4 2 2 2 2 2 1 3 3 2 3 2 2
2 4 3 2 18 4 2 4 4 2 2 2 2 2 1 3 3 2 3 2 2
2 4 3 2 18 2 2 4 5 2 2 2 2 2 1 3 3 2 3 2 2
2 4 3 2 18 3 2 4 5 2 2 2 2 2 1 3 3 2 3 2 2
2 4 3 2 18 4 2 4 5 2 2 2 2 2 1 3 3 2 3 2 2
3 2 2 2 18 2 3 4 2 2 2 2 2 2 1 6 2 2 3 2 2
3 2 2 2 18 3 3 4 2 2 2 2 2 2 1 6 2 2 3 2 2
3 2 2 2 18 2 3 4 2 2 3 2 2 2 1 6 2 2 3 2 2
3 2 2 2 18 2 3 4 2 2 2 2 2 2 1 6 3 2 2 2 2
3 2 2 2 18 3 3 4 2 2 2 2 2 2 1 6 3 2 2 2 2
3 2 2 2 18 2 3 4 2 2 3 2 2 2 1 6 3 2 2 2 2
3 2 2 2 18 2 3 4 2 3 2 2 2 2 1 6 2 2 3 2 2
3 2 2 2 18 3 3 4 2 3 2 2 2 2 1 6 2 2 3 2 2
3 2 2 2 18 2 3 4 2 3 3 2 2 2 1 6 2 2 3 2 2
3 2 2 2 18 2 3 4 3 2 2 2 2 2 1 3 3 2 3 2 2
3 2 2 2 18 3 3 4 3 2 2 2 2 2 1 3 3 2 3 2 2
3 2 2 2 18 2 3 4 3 2 3 2 2 2 1 3 3 2 3 2 2
3 2 2 2 18 2 3 4 3 2 2 2 2 2 1 4 2 2 4 2 2
3 2 2 2 18 3 3 4 3 2 2 2 2 2 1 4 2 2 4 2 2
3 2 2 2 18 2 3 4 3 2 3 2 2 2 1 4 2 2 4 2 2
3 2 2 2 18 2 3 4 3 2 2 2 2 2 1 6 2 2 3 2 2
3 2 2 2 18 3 3 4 3 2 2 2 2 2 1 6 2 2 3 2 2
3 2 2 2 18 2 3 4 3 2 3 2 2 2 1 6 2 2 3 2 2
3 2 2 2 18 2 3 4 3 2 2 2 2 2 1 6 3 2 2 2 2
3 2 2 2 18 3 3 4 3 2 2 2 2 2 1 6 3 2 2 2 2
3 2 2 2 18 2 3 4 3 2 3 2 2 2 1 6 3 2 2 2 2
3 2 2 2 18 2 3 4 4 2 2 2 2 2 1 3 3 2 3 2 2
3 2 2 2 18 3 3 4 4 2 2 2 2 2 1 3 3 2 3 2 2
3 2 2 2 18 2 3 4 4 2 3 2 2 2 1 3 3 2 3 2 2
3 2 2 2 18 2 3 4 4 2 2 2 2 2 1 6 3 2 2 2 2
3 2 2 2 18 3 3 4 4 2 2 2 2 2 1 6 3 2 2 2 2
3 2 2 2 18 2 3 4 4 2 3 2 2 2 1 6 3 2 2 2 2
3 2 2 2 18 2 4 3 3 2 2 2 2 2 1 4 4 2 2 2 2
3 2 2 2 18 2 4 3 3 2 3 2 2 2 1 4 4 2 2 2 2
3 2 2 2 18 3 4 3 3 2 2 2 2 2 1 4 4 2 2 2 2
3 2 2 2 18 4 4 3 3 2 2 2 2 2 1 4 4 2 2 2 2
3 2 2 2 18 5 4 3 3 2 2 2 2 2 1 4 4 2 2 2 2
3 2 2 2 18 2 4 3 3 2 4 2 2 2 1 4 4 2 2 2 2
3 2 2 2 18 2 4 3 3 2 2 2 2 2 1 6 3 2 2 2 2
3 2 2 2 18 2 4 3 3 2 3 2 2 2 1 6 3 2 2 2 2
3 2 2 2 18 3 4 3 3 2 2 2 2 2 1 6 3 2 2 2 2
3 2 2 2 18 4 4 3 3 2 2 2 2 2 1 6 3 2 2 2 2
3 2 2 2 18 5 4 3 3 2 2 2 2 2 1 6 3 2 2 2 2
3 2 2 2 18 2 4 3 3 2 4 2 2 2 1 6 3 2 2 2 2
3 4 2 2 18 2 2 4 2 2 2 2 2 2 1 6 2 2 3 2 2
3 4 2 2 18 3 2 4 2 2 2 2 2 2 1 6 2 2 3 2 2
3 4 2 2 18 2 2 4 2 2 3 2 2 2 1 6 2 2 3 2 2
3 4 2 2 18 4 2 4 2 2 2 2 2 2 1 6 2 2 3 2 2
3 4 2 2 18 2 2 4 2 2 2 2 2 2 1 6 3 2 2 2 2
3 4 2 2 18 3 2 4 2 2 2 2 2 2 1 6 3 2 2 2 2
3 4 2 2 18 2 2 4 2 2 3 2 2 2 1 6 3 2 2 2 2
3 4 2 2 18 4 2 4 2 2 2 2 2 2 1 6 3 2 2 2 2
3 4 2 2 18 2 2 4 2 3 2 2 2 2 1 6 2 2 3 2 2
3 4 2 2 18 3 2 4 2 3 2 2 2 2 1 6 2 2 3 2 2
3 4 2 2 18 2 2 4 2 3 3 2 2 2 1 6 2 2 3 2 2
3 4 2 2 18 4 2 4 2 3 2 2 2 2 1 6 2 2 3 2 2
3 4 2 2 18 2 2 4 3 2 2 2 2 2 1 3 3 2 3 2 2
3 4 2 2 18 3 2 4 3 2 2 2 2 2 1 3 3 2 3 2 2
3 4 2 2 18 2 2 4 3 2 3 2 2 2 1 3 3 2 3 2 2
3 4 2 2 18 4 2 4 3 2 2 2 2 2 1 3 3 2 3 2 2
3 4 2 2 18 2 2 4 3 2 2 2 2 2 1 4 2 2 4 2 2
3 4 2 2 18 3 2 4 3 2 2 2 2 2 1 4 2 2 4 2 2
3 4 2 2 18 2 2 4 3 2 3 2 2 2 1 4 2 2 4 2 2
3 4 2 2 18 4 2 4 3 2 2 2 2 2 1 4 2 2 4 2 2
3 4 2 2 18 2 2 4 3 2 2 2 2 2 1 6 2 2 3 2 2
3 4 2 2 18 3 2 4 3 2 2 2 2 2 1 6 2 2 3 2 2
3 4 2 2 18 2 2 4 3 2 3 2 2 2 1 6 2 2 3 2 2
3 4 2 2 18 4 2 4 3 2 2 2 2 2 1 6 2 2 3 2 2
3 4 2 2 18 2 2 4 3 2 2 2 2 2 1 6 3 2 2 2 2
3 4 2 2 18 3 2 4 3 2 2 2 2 2 1 6 3 2 2 2 2
3 4 2 2 18 2 2 4 3 2 3 2 2 2 1 6 3 2 2 2 2
3 4 2 2 18 4 2 4 3 2 2 2 2 2 1 6 3 2 2 2 2
3 4 2 2 18 2 2 4 4 2 2 2 2 2 1 3 3 2 3 2 2
3 4 2 2 18 3 2 4 4 2 2 2 2 2 1 3 3 2 3 2 2
3 4 2 2 18 2 2 4 4 2 3 2 2 2 1 3 3 2 3 2 2
3 4 2 2 18 4 2 4 4 2 2 2 2 2 1 3 3 2 3 2 2
3 4 2 2 18 2 2 4 4 2 2 2 2 2 1 6 3 2 2 2 2
3 4 2 2 18 3 2 4 4 2 2 2 2 2 1 6 3 2 2 2 2
3 4 2 2 18 2 2 4 4 2 3 2 2 2 1 6 3 2 2 2 2
3 4 2 2 18 4 2 4 4 2 2 2 2 2 1 6 3 2 2 2 2
4 2 2 2 18 2 3 3 3 2 2 2 2 2 1 4 4 2 2 2 2
4 2 2 2 18 3 3 3 3 2 2 2 2 2 1 4 4 2 2 2 2
4 2 2 2 18 2 3 3 3 2 3 2 2 2 1 4 4 2 2 2 2
4 2 2 2 18 2 3 3 3 2 2 2 2 2 1 6 3 2 2 2 2
4 2 2 2 18 3 3 3 3 2 2 2 2 2 1 6 3 2 2 2 2
4 2 2 2 18 2 3 3 3 2 3 2 2 2 1 6 3 2 2 2 2
