2 2 3 2 2 18 28 2 2 2 2 2 2 2 1 3 2 2 6 2 2
2 2 3 2 2 18 28 2 2 2 3 2 2 2 1 3 2 2 6 2 2
2 2 3 2 2 18 28 2 2 2 4 2 2 2 1 3 2 2 6 2 2
2 2 3 2 2 18 28 2 2 2 5 2 2 2 1 3 2 2 6 2 2
2 2 3 2 2 18 28 2 2 2 6 2 2 2 1 3 2 2 6 2 2
2 2 3 2 2 18 28 2 2 2 17 2 2 2 1 3 2 2 6 2 2
2 2 3 2 2 18 28 2 2 2 2 2 2 2 1 3 3 2 3 2 2
2 2 3 2 2 18 28 2 2 2 3 2 2 2 1 3 3 2 3 2 2
2 2 3 2 2 18 28 2 2 2 4 2 2 2 1 3 3 2 3 2 2
2 2 3 2 2 18 28 2 2 2 5 2 2 2 1 3 3 2 3 2 2
2 2 3 2 2 18 28 2 2 2 6 2 2 2 1 3 3 2 3 2 2
2 2 3 2 2 18 28 2 2 2 17 2 2 2 1 3 3 2 3 2 2
2 3 3 2 2 18 28 2 2 2 2 2 2 2 1 3 2 2 6 2 2
2 3 3 2 2 18 28 2 2 2 3 2 2 2 1 3 2 2 6 2 2
2 3 3 2 2 18 28 2 2 2 4 2 2 2 1 3 2 2 6 2 2
2 3 3 2 2 18 28 2 2 2 5 2 2 2 1 3 2 2 6 2 2
2 3 3 2 2 18 28 2 2 2 6 2 2 2 1 3 2 2 6 2 2
2 3 3 2 2 18 28 2 2 2 17 2 2 2 1 3 2 2 6 2 2
2 3 3 2 2 18 28 2 2 2 2 2 2 2 1 3 3 2 3 2 2
2 3 3 2 2 18 28 2 2 2 3 2 2 2 1 3 3 2 3 2 2
2 3 3 2 2 18 28 2 2 2 4 2 2 2 1 3 3 2 3 2 2
2 3 3 2 2 18 28 2 2 2 5 2 2 2 1 3 3 2 3 2 2
2 3 3 2 2 18 28 2 2 2 6 2 2 2 1 3 3 2 3 2 2
2 3 3 2 2 18 28 2 2 2 17 2 2 2 1 3 3 2 3 2 2
2 4 3 2 2 18 28 2 2 2 2 2 2 2 1 3 2 2 6 2 2
2 4 3 2 2 18 28 2 2 2 3 2 2 2 1 3 2 2 6 2 2
2 4 3 2 2 18 28 2 2 2 4 2 2 2 1 3 2 2 6 2 2
2 4 3 2 2 18 28 2 2 2 5 2 2 2 1 3 2 2 6 2 2
2 4 3 2 2 18 28 2 2 2 6 2 2 2 1 3 2 2 6 2 2
2 4 3 2 2 18 28 2 2 2 17 2 2 2 1 3 2 2 6 2 2
2 4 3 2 2 18 28 2 2 2 2 2 2 2 1 3 3 2 3 2 2
2 4 3 2 2 18 28 2 2 2 3 2 2 2 1 3 3 2 3 2 2
2 4 3 2 2 18 28 2 2 2 4 2 2 2 1 3 3 2 3 2 2
2 4 3 2 2 18 28 2 2 2 5 2 2 2 1 3 3 2 3 2 2
2 4 3 2 2 18 28 2 2 2 6 2 2 2 1 3 3 2 3 2 2
2 4 3 2 2 18 28 2 2 2 17 2 2 2 1 3 3 2 3 2 2
2 5 3 2 2 18 28 2 2 2 2 2 2 2 1 3 2 2 6 2 2
2 5 3 2 2 18 28 2 2 2 3 2 2 2 1 3 2 2 6 2 2
2 5 3 2 2 18 28 2 2 2 4 2 2 2 1 3 2 2 6 2 2
2 5 3 2 2 18 28 2 2 2 5 2 2 2 1 3 2 2 6 2 2
2 5 3 2 2 18 28 2 2 2 6 2 2 2 1 3 2 2 6 2 2
2 5 3 2 2 18 28 2 2 2 17 2 2 2 1 3 2 2 6 2 2
2 5 3 2 2 18 28 2 2 2 2 2 2 2 1 3 3 2 3 2 2
2 5 3 2 2 18 28 2 2 2 3 2 2 2 1 3 3 2 3 2 2
2 5 3 2 2 18 28 2 2 2 4 2 2 2 1 3 3 2 3 2 2
2 5 3 2 2 18 28 2 2 2 5 2 2 2 1 3 3 2 3 2 2
2 5 3 2 2 18 28 2 2 2 6 2 2 2 1 3 3 2 3 2 2
2 5 3 2 2 18 28 2 2 2 17 2 2 2 1 3 3 2 3 2 2
2 2 3 2 2 18 28 2 2 2 2 2 2 2 1 4 2 2 4 2 2
2 2 3 2 2 18 28 2 2 2 3 2 2 2 1 4 2 2 4 2 2
2 2 3 2 2 18 28 2 2 2 4 2 2 2 1 4 2 2 4 2 2
2 2 3 2 2 18 28 2 2 2 5 2 2 2 1 4 2 2 4 2 2
2 2 3 2 2 18 28 2 2 2 6 2 2 2 1 4 2 2 4 2 2
2 2 3 2 2 18 28 2 2 2 17 2 2 2 1 4 2 2 4 2 2
2 2 3 2 2 18 28 2 2 2 2 2 2 2 1 4 4 2 2 2 2
2 2 3 2 2 18 28 2 2 2 3 2 2 2 1 4 4 2 2 2 2
2 2 3 2 2 18 28 2 2 2 4 2 2 2 1 4 4 2 2 2 2
2 2 3 2 2 18 28 2 2 2 5 2 2 2 1 4 4 2 2 2 2
2 2 3 2 2 18 28 2 2 2 6 2 2 2 1 4 4 2 2 2 2
2 2 3 2 2 18 28 2 2 2 17 2 2 2 1 4 4 2 2 2 2
2 3 3 2 2 18 28 2 2 2 2 2 2 2 1 4 2 2 4 2 2
2 3 3 2 2 18 28 2 2 2 3 2 2 2 1 4 2 2 4 2 2
2 3 3 2 2 18 28 2 2 2 4 2 2 2 1 4 2 2 4 2 2
2 3 3 2 2 18 28 2 2 2 5 2 2 2 1 4 2 2 4 2 2
2 3 3 2 2 18 28 2 2 2 6 2 2 2 1 4 2 2 4 2 2
2 3 3 2 2 18 28 2 2 2 17 2 2 2 1 4 2 2 4 2 2
2 3 3 2 2 18 28 2 2 2 2 2 2 2 1 4 4 2 2 2 2
2 3 3 2 2 18 28 2 2 2 3 2 2 2 1 4 4 2 2 2 2
2 3 3 2 2 18 28 2 2 2 4 2 2 2 1 4 4 2 2 2 2
2 3 3 2 2 18 28 2 2 2 5 2 2 2 1 4 4 2 2 2 2
2 3 3 2 2 18 28 2 2 2 6 2 2 2 1 4 4 2 2 2 2
2 3 3 2 2 18 28 2 2 2 17 2 2 2 1 4 4 2 2 2 2
2 4 3 2 2 18 28 2 2 2 2 2 2 2 1 4 2 2 4 2 2
2 4 3 2 2 18 28 2 2 2 3 2 2 2 1 4 2 2 4 2 2
2 4 3 2 2 18 28 2 2 2 4 2 2 2 1 4 2 2 4 2 2
2 4 3 2 2 18 28 2 2 2 5 2 2 2 1 4 2 2 4 2 2
2 4 3 2 2 18 28 2 2 2 6 2 2 2 1 4 2 2 4 2 2
2 4 3 2 2 18 28 2 2 2 17 2 2 2 1 4 2 2 4 2 2
2 4 3 2 2 18 28 2 2 2 2 2 2 2 1 4 4 2 2 2 2
2 4 3 2 2 18 28 2 2 2 3 2 2 2 1 4 4 2 2 2 2
2 4 3 2 2 18 28 2 2 2 4 2 2 2 1 4 4 2 2 2 2
2 4 3 2 2 18 28 2 2 2 5 2 2 2 1 4 4 2 2 2 2
2 4 3 2 2 18 28 2 2 2 6 2 2 2 1 4 4 2 2 2 2
2 4 3 2 2 18 28 2 2 2 17 2 2 2 1 4 4 2 2 2 2
2 2 3 2 2 18 28 2 3 2 2 2 2 2 1 2 4 2 4 2 2
2 3 3 2 2 18 28 2 3 2 2 2 2 2 1 2 4 2 4 2 2
2 3 3 2 2 18 28 2 3 2 3 2 2 2 1 2 4 2 4 2 2
2 4 3 2 2 18 28 2 3 2 2 2 2 2 1 2 4 2 4 2 2
2 4 3 2 2 18 28 2 3 2 3 2 2 2 1 2 4 2 4 2 2
2 4 3 2 2 18 28 2 3 2 4 2 2 2 1 2 4 2 4 2 2
2 2 3 2 2 18 28 2 3 2 2 2 2 2 1 3 3 2 3 2 2
2 3 3 2 2 18 28 2 3 2 2 2 2 2 1 3 3 2 3 2 2
2 3 3 2 2 18 28 2 3 2 3 2 2 2 1 3 3 2 3 2 2
2 4 3 2 2 18 28 2 3 2 2 2 2 2 1 3 3 2 3 2 2
2 4 3 2 2 18 28 2 3 2 3 2 2 2 1 3 3 2 3 2 2
2 4 3 2 2 18 28 2 3 2 4 2 2 2 1 3 3 2 3 2 2
2 5 3 2 2 18 28 2 3 2 2 2 2 2 1 3 3 2 3 2 2
2 5 3 2 2 18 28 2 3 2 3 2 2 2 1 3 3 2 3 2 2
2 5 3 2 2 18 28 2 3 2 4 2 2 2 1 3 3 2 3 2 2
2 5 3 2 2 18 28 2 3 2 5 2 2 2 1 3 3 2 3 2 2
2 2 3 2 2 18 28 2 3 2 2 2 2 2 1 4 4 2 2 2 2
2 3 3 2 2 18 28 2 3 2 2 2 2 2 1 4 2 2 4 2 2
2 3 3 2 2 18 28 2 3 2 2 2 2 2 1 4 4 2 2 2 2
2 3 3 2 2 18 28 2 3 2 3 2 2 2 1 4 4 2 2 2 2
2 4 3 2 2 18 28 2 3 2 2 2 2 2 1 4 2 2 4 2 2
2 4 3 2 2 18 28 2 3 2 3 2 2 2 1 4 2 2 4 2 2
2 4 3 2 2 18 28 2 3 2 2 2 2 2 1 4 4 2 2 2 2
2 4 3 2 2 18 28 2 3 2 3 2 2 2 1 4 4 2 2 2 2
2 4 3 2 2 18 28 2 3 2 4 2 2 2 1 4 4 2 2 2 2
2 2 3 2 2 18 28 3 2 2 2 2 2 2 1 3 2 2 6 2 2
2 2 3 2 2 18 28 3 2 2 2 2 2 2 1 3 3 2 3 2 2
2 3 3 2 2 18 28 3 2 2 2 2 2 2 1 3 2 2 6 2 2
2 3 3 2 2 18 28 3 2 2 3 2 2 2 1 3 2 2 6 2 2
2 3 3 2 2 18 28 3 2 2 2 2 2 2 1 3 3 2 3 2 2
2 3 3 2 2 18 28 3 2 2 3 2 2 2 1 3 3 2 3 2 2
2 4 3 2 2 18 28 3 2 2 2 2 2 2 1 3 2 2 6 2 2
2 4 3 2 2 18 28 3 2 2 3 2 2 2 1 3 2 2 6 2 2
2 4 3 2 2 18 28 3 2 2 4 2 2 2 1 3 2 2 6 2 2
2 4 3 2 2 18 28 3 2 2 2 2 2 2 1 3 3 2 3 2 2
2 4 3 2 2 18 28 3 2 2 3 2 2 2 1 3 3 2 3 2 2
2 4 3 2 2 18 28 3 2 2 4 2 2 2 1 3 3 2 3 2 2
2 5 3 2 2 18 28 3 2 2 2 2 2 2 1 3 2 2 6 2 2
2 5 3 2 2 18 28 3 2 2 3 2 2 2 1 3 2 2 6 2 2
2 5 3 2 2 18 28 3 2 2 4 2 2 2 1 3 2 2 6 2 2
2 5 3 2 2 18 28 3 2 2 5 2 2 2 1 3 2 2 6 2 2
2 5 3 2 2 18 28 3 2 2 2 2 2 2 1 3 3 2 3 2 2
2 5 3 2 2 18 28 3 2 2 3 2 2 2 1 3 3 2 3 2 2
2 5 3 2 2 18 28 3 2 2 4 2 2 2 1 3 3 2 3 2 2
2 5 3 2 2 18 28 3 2 2 5 2 2 2 1 3 3 2 3 2 2
2 2 3 3 2 18 28 2 2 2 2 2 2 2 1 2 4 2 4 2 2
2 2 3 3 2 18 28 2 2 2 3 2 2 2 1 2 4 2 4 2 2
2 2 3 3 2 18 28 2 2 2 4 2 2 2 1 2 4 2 4 2 2
2 2 3 3 2 18 28 2 2 2 5 2 2 2 1 2 4 2 4 2 2
2 2 3 3 2 18 28 2 2 2 6 2 2 2 1 2 4 2 4 2 2
2 2 3 3 2 18 28 2 2 2 17 2 2 2 1 2 4 2 4 2 2
2 2 3 3 2 18 28 2 2 3 2 2 2 2 1 2 4 2 4 2 2
2 2 3 3 2 18 28 2 2 3 3 2 2 2 1 2 4 2 4 2 2
2 2 3 3 2 18 28 2 2 3 4 2 2 2 1 2 4 2 4 2 2
2 3 3 3 2 18 28 2 2 2 2 2 2 2 1 2 4 2 4 2 2
2 3 3 3 2 18 28 2 2 2 3 2 2 2 1 2 4 2 4 2 2
2 3 3 3 2 18 28 2 2 2 4 2 2 2 1 2 4 2 4 2 2
2 3 3 3 2 18 28 2 2 2 5 2 2 2 1 2 4 2 4 2 2
2 3 3 3 2 18 28 2 2 2 6 2 2 2 1 2 4 2 4 2 2
2 3 3 3 2 18 28 2 2 2 17 2 2 2 1 2 4 2 4 2 2
2 3 3 3 2 18 28 2 2 3 2 2 2 2 1 2 4 2 4 2 2
2 3 3 3 2 18 28 2 2 3 3 2 2 2 1 2 4 2 4 2 2
2 3 3 3 2 18 28 2 2 3 4 2 2 2 1 2 4 2 4 2 2
2 4 3 3 2 18 28 2 2 2 2 2 2 2 1 2 4 2 4 2 2
2 4 3 3 2 18 28 2 2 2 3 2 2 2 1 2 4 2 4 2 2
2 4 3 3 2 18 28 2 2 2 4 2 2 2 1 2 4 2 4 2 2
2 4 3 3 2 18 28 2 2 2 5 2 2 2 1 2 4 2 4 2 2
2 4 3 3 2 18 28 2 2 2 6 2 2 2 1 2 4 2 4 2 2
2 4 3 3 2 18 28 2 2 2 17 2 2 2 1 2 4 2 4 2 2
2 4 3 3 2 18 28 2 2 3 2 2 2 2 1 2 4 2 4 2 2
2 4 3 3 2 18 28 2 2 3 3 2 2 2 1 2 4 2 4 2 2
2 4 3 3 2 18 28 2 2 3 4 2 2 2 1 2 4 2 4 2 2
2 2 4 2 2 18 28 2 2 2 2 2 2 2 1 3 2 2 6 2 2
2 2 4 2 2 18 28 2 2 2 3 2 2 2 1 3 2 2 6 2 2
2 2 4 2 2 18 28 2 2 2 4 2 2 2 1 3 2 2 6 2 2
2 2 4 2 2 18 28 2 2 2 5 2 2 2 1 3 2 2 6 2 2
2 2 4 2 2 18 28 2 2 2 6 2 2 2 1 3 2 2 6 2 2
2 2 4 2 2 18 28 2 2 2 17 2 2 2 1 3 2 2 6 2 2
2 2 4 2 2 18 28 2 2 2 2 2 2 2 1 3 3 2 3 2 2
2 2 4 2 2 18 28 2 2 2 3 2 2 2 1 3 3 2 3 2 2
2 2 4 2 2 18 28 2 2 2 4 2 2 2 1 3 3 2 3 2 2
2 2 4 2 2 18 28 2 2 2 5 2 2 2 1 3 3 2 3 2 2
2 2 4 2 2 18 28 2 2 2 6 2 2 2 1 3 3 2 3 2 2
2 2 4 2 2 18 28 2 2 2 17 2 2 2 1 3 3 2 3 2 2
2 3 4 2 2 18 28 2 2 2 2 2 2 2 1 3 2 2 6 2 2
2 3 4 2 2 18 28 2 2 2 3 2 2 2 1 3 2 2 6 2 2
2 3 4 2 2 18 28 2 2 2 4 2 2 2 1 3 2 2 6 2 2
2 3 4 2 2 18 28 2 2 2 5 2 2 2 1 3 2 2 6 2 2
2 3 4 2 2 18 28 2 2 2 6 2 2 2 1 3 2 2 6 2 2
2 3 4 2 2 18 28 2 2 2 17 2 2 2 1 3 2 2 6 2 2
2 3 4 2 2 18 28 2 2 2 2 2 2 2 1 3 3 2 3 2 2
2 3 4 2 2 18 28 2 2 2 3 2 2 2 1 3 3 2 3 2 2
2 3 4 2 2 18 28 2 2 2 4 2 2 2 1 3 3 2 3 2 2
2 3 4 2 2 18 28 2 2 2 5 2 2 2 1 3 3 2 3 2 2
2 3 4 2 2 18 28 2 2 2 6 2 2 2 1 3 3 2 3 2 2
2 3 4 2 2 18 28 2 2 2 17 2 2 2 1 3 3 2 3 2 2
2 2 4 2 2 18 28 2 3 2 2 2 2 2 1 3 3 2 3 2 2
2 2 4 2 2 18 28 2 3 2 3 2 2 2 1 3 3 2 3 2 2
2 2 4 2 2 18 28 2 3 2 4 2 2 2 1 3 3 2 3 2 2
2 2 4 2 2 18 28 2 3 2 5 2 2 2 1 3 3 2 3 2 2
2 3 4 2 2 18 28 2 3 2 2 2 2 2 1 3 3 2 3 2 2
2 3 4 2 2 18 28 2 3 2 3 2 2 2 1 3 3 2 3 2 2
2 3 4 2 2 18 28 2 3 2 4 2 2 2 1 3 3 2 3 2 2
2 3 4 2 2 18 28 2 3 2 5 2 2 2 1 3 3 2 3 2 2
2 2 5 2 2 18 28 2 2 2 2 2 2 2 1 3 2 2 6 2 2
2 2 5 2 2 18 28 2 2 2 3 2 2 2 1 3 2 2 6 2 2
2 2 5 2 2 18 28 2 2 2 4 2 2 2 1 3 2 2 6 2 2
2 2 5 2 2 18 28 2 2 2 5 2 2 2 1 3 2 2 6 2 2
2 2 5 2 2 18 28 2 2 2 6 2 2 2 1 3 2 2 6 2 2
2 2 5 2 2 18 28 2 2 2 17 2 2 2 1 3 2 2 6 2 2
2 2 5 2 2 18 28 2 2 2 2 2 2 2 1 3 3 2 3 2 2
2 2 5 2 2 18 28 2 2 2 3 2 2 2 1 3 3 2 3 2 2
2 2 5 2 2 18 28 2 2 2 4 2 2 2 1 3 3 2 3 2 2
2 2 5 2 2 18 28 2 2 2 5 2 2 2 1 3 3 2 3 2 2
2 2 5 2 2 18 28 2 2 2 6 2 2 2 1 3 3 2 3 2 2
2 2 5 2 2 18 28 2 2 2 17 2 2 2 1 3 3 2 3 2 2
2 2 5 2 2 18 28 2 3 2 2 2 2 2 1 3 3 2 3 2 2
2 2 5 2 2 18 28 2 3 2 3 2 2 2 1 3 3 2 3 2 2
2 2 5 2 2 18 28 2 3 2 4 2 2 2 1 3 3 2 3 2 2
2 2 5 2 2 18 28 2 3 2 5 2 2 2 1 3 3 2 3 2 2
3 2 3 2 2 18 28 2 2 2 2 2 2 2 1 3 2 2 6 2 2
3 2 3 2 2 18 28 2 2 2 3 2 2 2 1 3 2 2 6 2 2
3 2 3 2 2 18 28 2 2 2 4 2 2 2 1 3 2 2 6 2 2
3 2 3 2 2 18 28 2 2 2 5 2 2 2 1 3 2 2 6 2 2
3 2 3 2 2 18 28 2 2 2 6 2 2 2 1 3 2 2 6 2 2
3 2 3 2 2 18 28 2 2 2 17 2 2 2 1 3 2 2 6 2 2
3 2 3 2 2 18 28 2 2 2 2 2 2 2 1 3 3 2 3 2 2
3 2 3 2 2 18 28 2 2 2 3 2 2 2 1 3 3 2 3 2 2
3 2 3 2 2 18 28 2 2 2 4 2 2 2 1 3 3 2 3 2 2
3 2 3 2 2 18 28 2 2 2 5 2 2 2 1 3 3 2 3 2 2
3 2 3 2 2 18 28 2 2 2 6 2 2 2 1 3 3 2 3 2 2
3 2 3 2 2 18 28 2 2 2 17 2 2 2 1 3 3 2 3 2 2
3 3 3 2 2 18 28 2 2 2 2 2 2 2 1 3 2 2 6 2 2
3 3 3 2 2 18 28 2 2 2 3 2 2 2 1 3 2 2 6 2 2
3 3 3 2 2 18 28 2 2 2 4 2 2 2 1 3 2 2 6 2 2
3 3 3 2 2 18 28 2 2 2 5 2 2 2 1 3 2 2 6 2 2
3 3 3 2 2 18 28 2 2 2 6 2 2 2 1 3 2 2 6 2 2
3 3 3 2 2 18 28 2 2 2 17 2 2 2 1 3 2 2 6 2 2
3 3 3 2 2 18 28 2 2 2 2 2 2 2 1 3 3 2 3 2 2
3 3 3 2 2 18 28 2 2 2 3 2 2 2 1 3 3 2 3 2 2
3 3 3 2 2 18 28 2 2 2 4 2 2 2 1 3 3 2 3 2 2
3 3 3 2 2 18 28 2 2 2 5 2 2 2 1 3 3 2 3 2 2
3 3 3 2 2 18 28 2 2 2 6 2 2 2 1 3 3 2 3 2 2
3 3 3 2 2 18 28 2 2 2 17 2 2 2 1 3 3 2 3 2 2
3 4 3 2 2 18 28 2 2 2 2 2 2 2 1 3 2 2 6 2 2
3 4 3 2 2 18 28 2 2 2 3 2 2 2 1 3 2 2 6 2 2
3 4 3 2 2 18 28 2 2 2 4 2 2 2 1 3 2 2 6 2 2
3 4 3 2 2 18 28 2 2 2 5 2 2 2 1 3 2 2 6 2 2
3 4 3 2 2 18 28 2 2 2 6 2 2 2 1 3 2 2 6 2 2
3 4 3 2 2 18 28 2 2 2 17 2 2 2 1 3 2 2 6 2 2
3 4 3 2 2 18 28 2 2 2 2 2 2 2 1 3 3 2 3 2 2
3 4 3 2 2 18 28 2 2 2 3 2 2 2 1 3 3 2 3 2 2
3 4 3 2 2 18 28 2 2 2 4 2 2 2 1 3 3 2 3 2 2
3 4 3 2 2 18 28 2 2 2 5 2 2 2 1 3 3 2 3 2 2
3 4 3 2 2 18 28 2 2 2 6 2 2 2 1 3 3 2 3 2 2
3 4 3 2 2 18 28 2 2 2 17 2 2 2 1 3 3 2 3 2 2
3 5 3 2 2 18 28 2 2 2 2 2 2 2 1 3 2 2 6 2 2
3 5 3 2 2 18 28 2 2 2 3 2 2 2 1 3 2 2 6 2 2
3 5 3 2 2 18 28 2 2 2 4 2 2 2 1 3 2 2 6 2 2
3 5 3 2 2 18 28 2 2 2 5 2 2 2 1 3 2 2 6 2 2
3 5 3 2 2 18 28 2 2 2 6 2 2 2 1 3 2 2 6 2 2
3 5 3 2 2 18 28 2 2 2 17 2 2 2 1 3 2 2 6 2 2
3 5 3 2 2 18 28 2 2 2 2 2 2 2 1 3 3 2 3 2 2
3 5 3 2 2 18 28 2 2 2 3 2 2 2 1 3 3 2 3 2 2
3 5 3 2 2 18 28 2 2 2 4 2 2 2 1 3 3 2 3 2 2
3 5 3 2 2 18 28 2 2 2 5 2 2 2 1 3 3 2 3 2 2
3 5 3 2 2 18 28 2 2 2 6 2 2 2 1 3 3 2 3 2 2
3 5 3 2 2 18 28 2 2 2 17 2 2 2 1 3 3 2 3 2 2
3 2 3 2 2 18 28 2 2 2 2 2 2 2 1 4 2 2 4 2 2
3 2 3 2 2 18 28 2 2 2 3 2 2 2 1 4 2 2 4 2 2
3 2 3 2 2 18 28 2 2 2 4 2 2 2 1 4 2 2 4 2 2
3 2 3 2 2 18 28 2 2 2 5 2 2 2 1 4 2 2 4 2 2
3 2 3 2 2 18 28 2 2 2 6 2 2 2 1 4 2 2 4 2 2
3 2 3 2 2 18 28 2 2 2 17 2 2 2 1 4 2 2 4 2 2
3 2 3 2 2 18 28 2 2 2 2 2 2 2 1 4 4 2 2 2 2
3 2 3 2 2 18 28 2 2 2 3 2 2 2 1 4 4 2 2 2 2
3 2 3 2 2 18 28 2 2 2 4 2 2 2 1 4 4 2 2 2 2
3 2 3 2 2 18 28 2 2 2 5 2 2 2 1 4 4 2 2 2 2
3 2 3 2 2 18 28 2 2 2 6 2 2 2 1 4 4 2 2 2 2
3 2 3 2 2 18 28 2 2 2 17 2 2 2 1 4 4 2 2 2 2
3 3 3 2 2 18 28 2 2 2 2 2 2 2 1 4 2 2 4 2 2
3 3 3 2 2 18 28 2 2 2 3 2 2 2 1 4 2 2 4 2 2
3 3 3 2 2 18 28 2 2 2 4 2 2 2 1 4 2 2 4 2 2
3 3 3 2 2 18 28 2 2 2 5 2 2 2 1 4 2 2 4 2 2
3 3 3 2 2 18 28 2 2 2 6 2 2 2 1 4 2 2 4 2 2
3 3 3 2 2 18 28 2 2 2 17 2 2 2 1 4 2 2 4 2 2
3 3 3 2 2 18 28 2 2 2 2 2 2 2 1 4 4 2 2 2 2
3 3 3 2 2 18 28 2 2 2 3 2 2 2 1 4 4 2 2 2 2
3 3 3 2 2 18 28 2 2 2 4 2 2 2 1 4 4 2 2 2 2
3 3 3 2 2 18 28 2 2 2 5 2 2 2 1 4 4 2 2 2 2
3 3 3 2 2 18 28 2 2 2 6 2 2 2 1 4 4 2 2 2 2
3 3 3 2 2 18 28 2 2 2 17 2 2 2 1 4 4 2 2 2 2
3 4 3 2 2 18 28 2 2 2 2 2 2 2 1 4 2 2 4 2 2
3 4 3 2 2 18 28 2 2 2 3 2 2 2 1 4 2 2 4 2 2
3 4 3 2 2 18 28 2 2 2 4 2 2 2 1 4 2 2 4 2 2
3 4 3 2 2 18 28 2 2 2 5 2 2 2 1 4 2 2 4 2 2
3 4 3 2 2 18 28 2 2 2 6 2 2 2 1 4 2 2 4 2 2
3 4 3 2 2 18 28 2 2 2 17 2 2 2 1 4 2 2 4 2 2
3 4 3 2 2 18 28 2 2 2 2 2 2 2 1 4 4 2 2 2 2
3 4 3 2 2 18 28 2 2 2 3 2 2 2 1 4 4 2 2 2 2
3 4 3 2 2 18 28 2 2 2 4 2 2 2 1 4 4 2 2 2 2
3 4 3 2 2 18 28 2 2 2 5 2 2 2 1 4 4 2 2 2 2
3 4 3 2 2 18 28 2 2 2 6 2 2 2 1 4 4 2 2 2 2
3 4 3 2 2 18 28 2 2 2 17 2 2 2 1 4 4 2 2 2 2
3 2 3 2 2 18 28 2 3 2 2 2 2 2 1 2 4 2 4 2 2
3 3 3 2 2 18 28 2 3 2 2 2 2 2 1 2 4 2 4 2 2
3 3 3 2 2 18 28 2 3 2 3 2 2 2 1 2 4 2 4 2 2
3 4 3 2 2 18 28 2 3 2 2 2 2 2 1 2 4 2 4 2 2
3 4 3 2 2 18 28 2 3 2 3 2 2 2 1 2 4 2 4 2 2
3 4 3 2 2 18 28 2 3 2 4 2 2 2 1 2 4 2 4 2 2
3 2 3 3 2 18 28 2 2 2 2 2 2 2 1 2 4 2 4 2 2
3 2 3 3 2 18 28 2 2 2 3 2 2 2 1 2 4 2 4 2 2
3 2 3 3 2 18 28 2 2 2 4 2 2 2 1 2 4 2 4 2 2
3 2 3 3 2 18 28 2 2 2 5 2 2 2 1 2 4 2 4 2 2
3 2 3 3 2 18 28 2 2 2 6 2 2 2 1 2 4 2 4 2 2
3 2 3 3 2 18 28 2 2 2 17 2 2 2 1 2 4 2 4 2 2
3 3 3 3 2 18 28 2 2 2 2 2 2 2 1 2 4 2 4 2 2
3 3 3 3 2 18 28 2 2 2 3 2 2 2 1 2 4 2 4 2 2
3 3 3 3 2 18 28 2 2 2 4 2 2 2 1 2 4 2 4 2 2
3 3 3 3 2 18 28 2 2 2 5 2 2 2 1 2 4 2 4 2 2
3 3 3 3 2 18 28 2 2 2 6 2 2 2 1 2 4 2 4 2 2
3 3 3 3 2 18 28 2 2 2 17 2 2 2 1 2 4 2 4 2 2
3 4 3 3 2 18 28 2 2 2 2 2 2 2 1 2 4 2 4 2 2
3 4 3 3 2 18 28 2 2 2 3 2 2 2 1 2 4 2 4 2 2
3 4 3 3 2 18 28 2 2 2 4 2 2 2 1 2 4 2 4 2 2
3 4 3 3 2 18 28 2 2 2 5 2 2 2 1 2 4 2 4 2 2
3 4 3 3 2 18 28 2 2 2 6 2 2 2 1 2 4 2 4 2 2
3 4 3 3 2 18 28 2 2 2 17 2 2 2 1 2 4 2 4 2 2
3 2 4 2 2 18 28 2 2 2 2 2 2 2 1 3 2 2 6 2 2
3 2 4 2 2 18 28 2 2 2 3 2 2 2 1 3 2 2 6 2 2
3 2 4 2 2 18 28 2 2 2 4 2 2 2 1 3 2 2 6 2 2
3 2 4 2 2 18 28 2 2 2 5 2 2 2 1 3 2 2 6 2 2
3 2 4 2 2 18 28 2 2 2 6 2 2 2 1 3 2 2 6 2 2
3 2 4 2 2 18 28 2 2 2 17 2 2 2 1 3 2 2 6 2 2
3 2 4 2 2 18 28 2 2 2 2 2 2 2 1 3 3 2 3 2 2
3 2 4 2 2 18 28 2 2 2 3 2 2 2 1 3 3 2 3 2 2
3 2 4 2 2 18 28 2 2 2 4 2 2 2 1 3 3 2 3 2 2
3 2 4 2 2 18 28 2 2 2 5 2 2 2 1 3 3 2 3 2 2
3 2 4 2 2 18 28 2 2 2 6 2 2 2 1 3 3 2 3 2 2
3 2 4 2 2 18 28 2 2 2 17 2 2 2 1 3 3 2 3 2 2
3 3 4 2 2 18 28 2 2 2 2 2 2 2 1 3 2 2 6 2 2
3 3 4 2 2 18 28 2 2 2 3 2 2 2 1 3 2 2 6 2 2
3 3 4 2 2 18 28 2 2 2 4 2 2 2 1 3 2 2 6 2 2
3 3 4 2 2 18 28 2 2 2 5 2 2 2 1 3 2 2 6 2 2
3 3 4 2 2 18 28 2 2 2 6 2 2 2 1 3 2 2 6 2 2
3 3 4 2 2 18 28 2 2 2 17 2 2 2 1 3 2 2 6 2 2
3 3 4 2 2 18 28 2 2 2 2 2 2 2 1 3 3 2 3 2 2
3 3 4 2 2 18 28 2 2 2 3 2 2 2 1 3 3 2 3 2 2
3 3 4 2 2 18 28 2 2 2 4 2 2 2 1 3 3 2 3 2 2
3 3 4 2 2 18 28 2 2 2 5 2 2 2 1 3 3 2 3 2 2
3 3 4 2 2 18 28 2 2 2 6 2 2 2 1 3 3 2 3 2 2
3 3 4 2 2 18 28 2 2 2 17 2 2 2 1 3 3 2 3 2 2
4 2 3 2 2 18 28 2 2 2 2 2 2 2 1 3 2 2 6 2 2
4 2 3 2 2 18 28 2 2 2 3 2 2 2 1 3 2 2 6 2 2
4 2 3 2 2 18 28 2 2 2 4 2 2 2 1 3 2 2 6 2 2
4 2 3 2 2 18 28 2 2 2 5 2 2 2 1 3 2 2 6 2 2
4 2 3 2 2 18 28 2 2 2 6 2 2 2 1 3 2 2 6 2 2
4 2 3 2 2 18 28 2 2 2 17 2 2 2 1 3 2 2 6 2 2
4 2 3 2 2 18 28 2 2 2 2 2 2 2 1 3 3 2 3 2 2
4 2 3 2 2 18 28 2 2 2 3 2 2 2 1 3 3 2 3 2 2
4 2 3 2 2 18 28 2 2 2 4 2 2 2 1 3 3 2 3 2 2
4 2 3 2 2 18 28 2 2 2 5 2 2 2 1 3 3 2 3 2 2
4 2 3 2 2 18 28 2 2 2 6 2 2 2 1 3 3 2 3 2 2
4 2 3 2 2 18 28 2 2 2 17 2 2 2 1 3 3 2 3 2 2
4 3 3 2 2 18 28 2 2 2 2 2 2 2 1 3 2 2 6 2 2
4 3 3 2 2 18 28 2 2 2 3 2 2 2 1 3 2 2 6 2 2
4 3 3 2 2 18 28 2 2 2 4 2 2 2 1 3 2 2 6 2 2
4 3 3 2 2 18 28 2 2 2 5 2 2 2 1 3 2 2 6 2 2
4 3 3 2 2 18 28 2 2 2 6 2 2 2 1 3 2 2 6 2 2
4 3 3 2 2 18 28 2 2 2 17 2 2 2 1 3 2 2 6 2 2
4 3 3 2 2 18 28 2 2 2 2 2 2 2 1 3 3 2 3 2 2
4 3 3 2 2 18 28 2 2 2 3 2 2 2 1 3 3 2 3 2 2
4 3 3 2 2 18 28 2 2 2 4 2 2 2 1 3 3 2 3 2 2
4 3 3 2 2 18 28 2 2 2 5 2 2 2 1 3 3 2 3 2 2
4 3 3 2 2 18 28 2 2 2 6 2 2 2 1 3 3 2 3 2 2
4 3 3 2 2 18 28 2 2 2 17 2 2 2 1 3 3 2 3 2 2
4 4 3 2 2 18 28 2 2 2 2 2 2 2 1 3 2 2 6 2 2
4 4 3 2 2 18 28 2 2 2 3 2 2 2 1 3 2 2 6 2 2
4 4 3 2 2 18 28 2 2 2 4 2 2 2 1 3 2 2 6 2 2
4 4 3 2 2 18 28 2 2 2 5 2 2 2 1 3 2 2 6 2 2
4 4 3 2 2 18 28 2 2 2 6 2 2 2 1 3 2 2 6 2 2
4 4 3 2 2 18 28 2 2 2 17 2 2 2 1 3 2 2 6 2 2
4 4 3 2 2 18 28 2 2 2 2 2 2 2 1 3 3 2 3 2 2
4 4 3 2 2 18 28 2 2 2 3 2 2 2 1 3 3 2 3 2 2
4 4 3 2 2 18 28 2 2 2 4 2 2 2 1 3 3 2 3 2 2
4 4 3 2 2 18 28 2 2 2 5 2 2 2 1 3 3 2 3 2 2
4 4 3 2 2 18 28 2 2 2 6 2 2 2 1 3 3 2 3 2 2
4 4 3 2 2 18 28 2 2 2 17 2 2 2 1 3 3 2 3 2 2
4 5 3 2 2 18 28 2 2 2 2 2 2 2 1 3 2 2 6 2 2
4 5 3 2 2 18 28 2 2 2 3 2 2 2 1 3 2 2 6 2 2
4 5 3 2 2 18 28 2 2 2 4 2 2 2 1 3 2 2 6 2 2
4 5 3 2 2 18 28 2 2 2 5 2 2 2 1 3 2 2 6 2 2
4 5 3 2 2 18 28 2 2 2 6 2 2 2 1 3 2 2 6 2 2
4 5 3 2 2 18 28 2 2 2 17 2 2 2 1 3 2 2 6 2 2
4 5 3 2 2 18 28 2 2 2 2 2 2 2 1 3 3 2 3 2 2
4 5 3 2 2 18 28 2 2 2 3 2 2 2 1 3 3 2 3 2 2
4 5 3 2 2 18 28 2 2 2 4 2 2 2 1 3 3 2 3 2 2
4 5 3 2 2 18 28 2 2 2 5 2 2 2 1 3 3 2 3 2 2
4 5 3 2 2 18 28 2 2 2 6 2 2 2 1 3 3 2 3 2 2
4 5 3 2 2 18 28 2 2 2 17 2 2 2 1 3 3 2 3 2 2
5 2 3 2 2 18 28 2 2 2 2 2 2 2 1 3 2 2 6 2 2
5 2 3 2 2 18 28 2 2 2 3 2 2 2 1 3 2 2 6 2 2
5 2 3 2 2 18 28 2 2 2 4 2 2 2 1 3 2 2 6 2 2
5 2 3 2 2 18 28 2 2 2 5 2 2 2 1 3 2 2 6 2 2
5 2 3 2 2 18 28 2 2 2 6 2 2 2 1 3 2 2 6 2 2
5 2 3 2 2 18 28 2 2 2 17 2 2 2 1 3 2 2 6 2 2
5 2 3 2 2 18 28 2 2 2 2 2 2 2 1 3 3 2 3 2 2
5 2 3 2 2 18 28 2 2 2 3 2 2 2 1 3 3 2 3 2 2
5 2 3 2 2 18 28 2 2 2 4 2 2 2 1 3 3 2 3 2 2
5 2 3 2 2 18 28 2 2 2 5 2 2 2 1 3 3 2 3 2 2
5 2 3 2 2 18 28 2 2 2 6 2 2 2 1 3 3 2 3 2 2
5 2 3 2 2 18 28 2 2 2 17 2 2 2 1 3 3 2 3 2 2
5 3 3 2 2 18 28 2 2 2 2 2 2 2 1 3 2 2 6 2 2
5 3 3 2 2 18 28 2 2 2 3 2 2 2 1 3 2 2 6 2 2
5 3 3 2 2 18 28 2 2 2 4 2 2 2 1 3 2 2 6 2 2
5 3 3 2 2 18 28 2 2 2 5 2 2 2 1 3 2 2 6 2 2
5 3 3 2 2 18 28 2 2 2 6 2 2 2 1 3 2 2 6 2 2
5 3 3 2 2 18 28 2 2 2 17 2 2 2 1 3 2 2 6 2 2
5 3 3 2 2 18 28 2 2 2 2 2 2 2 1 3 3 2 3 2 2
5 3 3 2 2 18 28 2 2 2 3 2 2 2 1 3 3 2 3 2 2
5 3 3 2 2 18 28 2 2 2 4 2 2 2 1 3 3 2 3 2 2
5 3 3 2 2 18 28 2 2 2 5 2 2 2 1 3 3 2 3 2 2
5 3 3 2 2 18 28 2 2 2 6 2 2 2 1 3 3 2 3 2 2
5 3 3 2 2 18 28 2 2 2 17 2 2 2 1 3 3 2 3 2 2
5 4 3 2 2 18 28 2 2 2 2 2 2 2 1 3 2 2 6 2 2
5 4 3 2 2 18 28 2 2 2 3 2 2 2 1 3 2 2 6 2 2
5 4 3 2 2 18 28 2 2 2 4 2 2 2 1 3 2 2 6 2 2
5 4 3 2 2 18 28 2 2 2 5 2 2 2 1 3 2 2 6 2 2
5 4 3 2 2 18 28 2 2 2 6 2 2 2 1 3 2 2 6 2 2
5 4 3 2 2 18 28 2 2 2 17 2 2 2 1 3 2 2 6 2 2
5 4 3 2 2 18 28 2 2 2 2 2 2 2 1 3 3 2 3 2 2
5 4 3 2 2 18 28 2 2 2 3 2 2 2 1 3 3 2 3 2 2
5 4 3 2 2 18 28 2 2 2 4 2 2 2 1 3 3 2 3 2 2
5 4 3 2 2 18 28 2 2 2 5 2 2 2 1 3 3 2 3 2 2
5 4 3 2 2 18 28 2 2 2 6 2 2 2 1 3 3 2 3 2 2
5 4 3 2 2 18 28 2 2 2 17 2 2 2 1 3 3 2 3 2 2
5 5 3 2 2 18 28 2 2 2 2 2 2 2 1 3 2 2 6 2 2
5 5 3 2 2 18 28 2 2 2 3 2 2 2 1 3 2 2 6 2 2
5 5 3 2 2 18 28 2 2 2 4 2 2 2 1 3 2 2 6 2 2
5 5 3 2 2 18 28 2 2 2 5 2 2 2 1 3 2 2 6 2 2
5 5 3 2 2 18 28 2 2 2 6 2 2 2 1 3 2 2 6 2 2
5 5 3 2 2 18 28 2 2 2 17 2 2 2 1 3 2 2 6 2 2
5 5 3 2 2 18 28 2 2 2 2 2 2 2 1 3 3 2 3 2 2
5 5 3 2 2 18 28 2 2 2 3 2 2 2 1 3 3 2 3 2 2
5 5 3 2 2 18 28 2 2 2 4 2 2 2 1 3 3 2 3 2 2
5 5 3 2 2 18 28 2 2 2 5 2 2 2 1 3 3 2 3 2 2
5 5 3 2 2 18 28 2 2 2 6 2 2 2 1 3 3 2 3 2 2
5 5 3 2 2 18 28 2 2 2 17 2 2 2 1 3 3 2 3 2 2
2 2 3 2 2 18 28 3 2 2 2 2 2 2 1 4 2 2 4 2 2
2 2 3 2 3 18 28 3 2 2 2 2 2 2 1 4 2 2 4 2 2
2 2 3 2 2 18 28 3 2 2 2 2 2 2 1 4 4 2 2 2 2
2 3 3 2 2 18 28 3 2 2 2 2 2 2 1 4 2 2 4 2 2
2 3 3 2 2 18 28 3 2 2 3 2 2 2 1 4 2 2 4 2 2
2 3 3 2 2 18 28 3 2 3 2 2 2 2 1 4 2 2 4 2 2
2 3 3 2 3 18 28 3 2 2 2 2 2 2 1 4 2 2 4 2 2
2 3 3 2 3 18 28 3 2 2 3 2 2 2 1 4 2 2 4 2 2
2 3 3 2 2 18 28 3 2 2 2 2 2 2 1 4 4 2 2 2 2
2 3 3 2 2 18 28 3 2 2 3 2 2 2 1 4 4 2 2 2 2
2 4 3 2 2 18 28 3 2 2 2 2 2 2 1 4 2 2 4 2 2
2 4 3 2 2 18 28 3 2 2 3 2 2 2 1 4 2 2 4 2 2
2 4 3 2 2 18 28 3 2 2 4 2 2 2 1 4 2 2 4 2 2
2 4 3 2 2 18 28 3 2 3 2 2 2 2 1 4 2 2 4 2 2
2 4 3 2 2 18 28 3 2 3 3 2 2 2 1 4 2 2 4 2 2
2 4 3 2 3 18 28 3 2 2 2 2 2 2 1 4 2 2 4 2 2
2 4 3 2 3 18 28 3 2 2 3 2 2 2 1 4 2 2 4 2 2
2 4 3 2 3 18 28 3 2 2 4 2 2 2 1 4 2 2 4 2 2
2 4 3 2 2 18 28 3 2 2 2 2 2 2 1 4 4 2 2 2 2
2 4 3 2 2 18 28 3 2 2 3 2 2 2 1 4 4 2 2 2 2
2 4 3 2 2 18 28 3 2 2 4 2 2 2 1 4 4 2 2 2 2
2 2 3 3 2 18 28 3 3 2 2 2 2 2 1 2 4 2 4 2 2
2 3 3 3 2 18 28 3 3 2 2 2 2 2 1 2 4 2 4 2 2
2 3 3 3 2 18 28 3 3 2 3 2 2 2 1 2 4 2 4 2 2
2 4 3 3 2 18 28 3 3 2 2 2 2 2 1 2 4 2 4 2 2
2 4 3 3 2 18 28 3 3 2 3 2 2 2 1 2 4 2 4 2 2
2 4 3 3 2 18 28 3 3 2 4 2 2 2 1 2 4 2 4 2 2
2 2 4 2 2 18 28 2 4 2 2 2 2 2 1 3 3 2 3 2 2
2 3 4 2 2 18 28 2 4 2 2 2 2 2 1 3 3 2 3 2 2
2 3 4 2 2 18 28 2 4 2 3 2 2 2 1 3 3 2 3 2 2
2 2 4 2 2 18 28 3 2 2 2 2 2 2 1 3 2 2 6 2 2
2 2 4 2 2 18 28 3 2 2 3 2 2 2 1 3 2 2 6 2 2
2 2 4 2 2 18 28 3 2 2 4 2 2 2 1 3 2 2 6 2 2
2 2 4 2 2 18 28 3 2 2 5 2 2 2 1 3 2 2 6 2 2
2 2 4 2 2 18 28 3 2 2 2 2 2 2 1 3 3 2 3 2 2
2 2 4 2 2 18 28 3 2 2 3 2 2 2 1 3 3 2 3 2 2
2 2 4 2 2 18 28 3 2 2 4 2 2 2 1 3 3 2 3 2 2
2 2 4 2 2 18 28 3 2 2 5 2 2 2 1 3 3 2 3 2 2
2 3 4 2 2 18 28 3 2 2 2 2 2 2 1 3 2 2 6 2 2
2 3 4 2 2 18 28 3 2 2 3 2 2 2 1 3 2 2 6 2 2
2 3 4 2 2 18 28 3 2 2 4 2 2 2 1 3 2 2 6 2 2
2 3 4 2 2 18 28 3 2 2 5 2 2 2 1 3 2 2 6 2 2
2 3 4 2 2 18 28 3 2 2 2 2 2 2 1 3 3 2 3 2 2
2 3 4 2 2 18 28 3 2 2 3 2 2 2 1 3 3 2 3 2 2
2 3 4 2 2 18 28 3 2 2 4 2 2 2 1 3 3 2 3 2 2
2 3 4 2 2 18 28 3 2 2 5 2 2 2 1 3 3 2 3 2 2
3 2 3 2 2 18 28 2 3 2 2 2 2 2 1 3 3 2 3 2 2
3 3 3 2 2 18 28 2 3 2 2 2 2 2 1 3 3 2 3 2 2
3 3 3 2 2 18 28 2 3 2 3 2 2 2 1 3 3 2 3 2 2
3 4 3 2 2 18 28 2 3 2 2 2 2 2 1 3 3 2 3 2 2
3 4 3 2 2 18 28 2 3 2 3 2 2 2 1 3 3 2 3 2 2
3 4 3 2 2 18 28 2 3 2 4 2 2 2 1 3 3 2 3 2 2
3 5 3 2 2 18 28 2 3 2 2 2 2 2 1 3 3 2 3 2 2
3 5 3 2 2 18 28 2 3 2 3 2 2 2 1 3 3 2 3 2 2
3 5 3 2 2 18 28 2 3 2 4 2 2 2 1 3 3 2 3 2 2
3 5 3 2 2 18 28 2 3 2 5 2 2 2 1 3 3 2 3 2 2
4 2 3 2 2 18 28 2 2 2 2 2 2 2 1 4 2 2 4 2 2
4 2 3 2 2 18 28 2 2 2 3 2 2 2 1 4 2 2 4 2 2
4 2 3 2 2 18 28 2 2 2 4 2 2 2 1 4 2 2 4 2 2
4 2 3 2 2 18 28 2 2 2 5 2 2 2 1 4 2 2 4 2 2
4 2 3 2 2 18 28 2 2 2 6 2 2 2 1 4 2 2 4 2 2
4 2 3 2 2 18 28 2 2 2 17 2 2 2 1 4 2 2 4 2 2
4 2 3 2 2 18 28 2 2 3 2 2 2 2 1 4 2 2 4 2 2
4 2 3 2 2 18 28 2 2 2 2 2 2 2 1 4 4 2 2 2 2
4 2 3 2 2 18 28 2 2 2 3 2 2 2 1 4 4 2 2 2 2
4 2 3 2 2 18 28 2 2 2 4 2 2 2 1 4 4 2 2 2 2
4 2 3 2 2 18 28 2 2 2 5 2 2 2 1 4 4 2 2 2 2
4 2 3 2 2 18 28 2 2 2 6 2 2 2 1 4 4 2 2 2 2
4 2 3 2 2 18 28 2 2 2 17 2 2 2 1 4 4 2 2 2 2
4 3 3 2 2 18 28 2 2 2 2 2 2 2 1 4 2 2 4 2 2
4 3 3 2 2 18 28 2 2 2 3 2 2 2 1 4 2 2 4 2 2
4 3 3 2 2 18 28 2 2 2 4 2 2 2 1 4 2 2 4 2 2
4 3 3 2 2 18 28 2 2 2 5 2 2 2 1 4 2 2 4 2 2
4 3 3 2 2 18 28 2 2 2 6 2 2 2 1 4 2 2 4 2 2
4 3 3 2 2 18 28 2 2 2 17 2 2 2 1 4 2 2 4 2 2
4 3 3 2 2 18 28 2 2 3 2 2 2 2 1 4 2 2 4 2 2
4 3 3 2 2 18 28 2 2 3 3 2 2 2 1 4 2 2 4 2 2
4 3 3 2 2 18 28 2 2 2 2 2 2 2 1 4 4 2 2 2 2
4 3 3 2 2 18 28 2 2 2 3 2 2 2 1 4 4 2 2 2 2
4 3 3 2 2 18 28 2 2 2 4 2 2 2 1 4 4 2 2 2 2
4 3 3 2 2 18 28 2 2 2 5 2 2 2 1 4 4 2 2 2 2
4 3 3 2 2 18 28 2 2 2 6 2 2 2 1 4 4 2 2 2 2
4 3 3 2 2 18 28 2 2 2 17 2 2 2 1 4 4 2 2 2 2
4 4 3 2 2 18 28 2 2 2 2 2 2 2 1 4 2 2 4 2 2
4 4 3 2 2 18 28 2 2 2 3 2 2 2 1 4 2 2 4 2 2
4 4 3 2 2 18 28 2 2 2 4 2 2 2 1 4 2 2 4 2 2
4 4 3 2 2 18 28 2 2 2 5 2 2 2 1 4 2 2 4 2 2
4 4 3 2 2 18 28 2 2 2 6 2 2 2 1 4 2 2 4 2 2
4 4 3 2 2 18 28 2 2 2 17 2 2 2 1 4 2 2 4 2 2
4 4 3 2 2 18 28 2 2 3 2 2 2 2 1 4 2 2 4 2 2
4 4 3 2 2 18 28 2 2 3 3 2 2 2 1 4 2 2 4 2 2
4 4 3 2 2 18 28 2 2 3 4 2 2 2 1 4 2 2 4 2 2
4 4 3 2 2 18 28 2 2 2 2 2 2 2 1 4 4 2 2 2 2
4 4 3 2 2 18 28 2 2 2 3 2 2 2 1 4 4 2 2 2 2
4 4 3 2 2 18 28 2 2 2 4 2 2 2 1 4 4 2 2 2 2
4 4 3 2 2 18 28 2 2 2 5 2 2 2 1 4 4 2 2 2 2
4 4 3 2 2 18 28 2 2 2 6 2 2 2 1 4 4 2 2 2 2
4 4 3 2 2 18 28 2 2 2 17 2 2 2 1 4 4 2 2 2 2
4 2 3 3 2 18 28 2 2 2 2 2 2 2 1 2 4 2 4 2 2
4 2 3 3 2 18 28 2 2 2 3 2 2 2 1 2 4 2 4 2 2
4 2 3 3 2 18 28 2 2 2 4 2 2 2 1 2 4 2 4 2 2
4 2 3 3 2 18 28 2 2 2 5 2 2 2 1 2 4 2 4 2 2
4 2 3 3 2 18 28 2 2 2 6 2 2 2 1 2 4 2 4 2 2
4 2 3 3 2 18 28 2 2 2 17 2 2 2 1 2 4 2 4 2 2
4 3 3 3 2 18 28 2 2 2 2 2 2 2 1 2 4 2 4 2 2
4 3 3 3 2 18 28 2 2 2 3 2 2 2 1 2 4 2 4 2 2
4 3 3 3 2 18 28 2 2 2 4 2 2 2 1 2 4 2 4 2 2
4 3 3 3 2 18 28 2 2 2 5 2 2 2 1 2 4 2 4 2 2
4 3 3 3 2 18 28 2 2 2 6 2 2 2 1 2 4 2 4 2 2
4 3 3 3 2 18 28 2 2 2 17 2 2 2 1 2 4 2 4 2 2
4 4 3 3 2 18 28 2 2 2 2 2 2 2 1 2 4 2 4 2 2
4 4 3 3 2 18 28 2 2 2 3 2 2 2 1 2 4 2 4 2 2
4 4 3 3 2 18 28 2 2 2 4 2 2 2 1 2 4 2 4 2 2
4 4 3 3 2 18 28 2 2 2 5 2 2 2 1 2 4 2 4 2 2
4 4 3 3 2 18 28 2 2 2 6 2 2 2 1 2 4 2 4 2 2
4 4 3 3 2 18 28 2 2 2 17 2 2 2 1 2 4 2 4 2 2
